50
100 971
QUERY 1 1 1 100 100 100
UPDATE 45 92 2 686336152
UPDATE 16 94 15 368244855
UPDATE 49 98 90 77530093
QUERY 1 1 1 100 100 100
UPDATE 74 86 29 751439173
QUERY 39 14 6 91 54 68
QUERY 34 30 24 95 91 38
UPDATE 53 26 78 111280167
QUERY 1 1 1 100 100 100
QUERY 1 1 1 100 100 100
QUERY 1 1 1 100 100 100
UPDATE 7 6 56 31379731
QUERY 1 1 1 100 100 100
QUERY 1 1 1 100 100 100
UPDATE 77 34 41 221921807
QUERY 1 1 1 100 100 100
QUERY 1 1 1 100 100 100
QUERY 1 1 1 100 100 100
UPDATE 12 23 18 638588357
UPDATE 58 61 5 460925786
UPDATE 89 60 5 415734401
UPDATE 13 18 16 567968395
QUERY 1 1 1 100 100 100
QUERY 1 1 1 100 100 100
UPDATE 56 100 96 112260038
QUERY 25 40 58 27 88 76
UPDATE 55 39 54 750000159
UPDATE 42 57 82 389310620
QUERY 1 1 1 100 100 100
QUERY 1 1 1 100 100 100
QUERY 1 1 1 100 100 100
UPDATE 74 65 52 598765000
QUERY 1 1 1 100 100 100
UPDATE 9 81 13 266834816
QUERY 1 1 1 100 100 100
UPDATE 63 59 57 498794677
QUERY 76 40 18 86 100 58
QUERY 1 1 1 100 100 100
QUERY 9 13 1 12 87 95
UPDATE 48 73 15 816118529
QUERY 1 1 1 100 100 100
QUERY 28 27 43 45 77 80
UPDATE 42 85 6 260436344
QUERY 8 17 81 64 69 90
UPDATE 34 68 95 910222694
UPDATE 94 46 27 241038410
QUERY 1 1 1 100 100 100
QUERY 1 1 1 100 100 100
QUERY 20 39 53 77 80 54
UPDATE 46 73 31 416659865
QUERY 1 1 1 100 100 100
UPDATE 69 54 57 92818595
UPDATE 12 8 91 941948568
QUERY 1 1 1 100 100 100
UPDATE 8 40 14 719309299
QUERY 1 1 1 100 100 100
QUERY 1 1 1 100 100 100
UPDATE 62 46 45 767305299
QUERY 1 1 1 100 100 100
QUERY 1 1 1 100 100 100
QUERY 1 1 1 100 100 100
QUERY 1 1 1 100 100 100
QUERY 1 1 1 100 100 100
UPDATE 79 94 36 422955615
UPDATE 74 85 15 184369532
UPDATE 13 50 83 371777659
UPDATE 39 8 35 565864999
QUERY 1 1 1 100 100 100
QUERY 1 1 1 100 100 100
UPDATE 71 57 94 9685417
UPDATE 92 64 84 580774240
UPDATE 35 39 14 869628111
UPDATE 14 41 30 587193428
UPDATE 45 32 4 992441300
UPDATE 50 85 50 491946777
UPDATE 61 47 25 606918396
QUERY 1 1 1 100 100 100
UPDATE 60 86 13 789467704
UPDATE 16 6 27 211263765
QUERY 19 7 80 44 27 87
QUERY 1 1 1 100 100 100
QUERY 1 1 1 100 100 100
QUERY 1 1 1 100 100 100
QUERY 1 1 1 100 100 100
UPDATE 17 69 14 734097207
QUERY 1 1 1 100 100 100
UPDATE 52 55 32 741930032
QUERY 1 1 1 100 100 100
QUERY 1 1 1 100 100 100
QUERY 7 62 8 49 84 92
UPDATE 74 49 21 861799034
UPDATE 45 57 89 63356651
UPDATE 10 75 59 609099596
UPDATE 58 63 42 34996018
QUERY 1 1 1 100 100 100
UPDATE 88 40 99 692112728
QUERY 1 1 1 100 100 100
UPDATE 49 77 76 468301252
UPDATE 96 17 3 539465113
UPDATE 93 46 36 741790065
QUERY 1 1 1 100 100 100
QUERY 1 1 1 100 100 100
UPDATE 68 88 57 847844047
QUERY 1 1 1 100 100 100
UPDATE 54 93 35 459184104
QUERY 1 1 1 100 100 100
UPDATE 49 99 55 64200315
QUERY 1 1 1 100 100 100
UPDATE 64 25 11 52182815
UPDATE 72 32 33 403598732
QUERY 2 40 21 100 54 34
QUERY 1 1 1 100 100 100
QUERY 19 15 42 20 58 73
UPDATE 58 48 58 356775324
QUERY 1 1 1 100 100 100
QUERY 1 1 1 100 100 100
QUERY 18 81 17 66 91 27
QUERY 41 38 29 65 43 91
UPDATE 94 29 92 303918772
QUERY 1 1 1 100 100 100
UPDATE 55 14 44 108895001
UPDATE 85 66 73 564647808
UPDATE 12 49 88 672883196
QUERY 1 1 1 100 100 100
QUERY 1 1 1 100 100 100
QUERY 1 1 1 100 100 100
UPDATE 28 49 36 29728132
UPDATE 49 5 36 367721196
UPDATE 1 85 44 569421445
UPDATE 31 74 67 262859281
QUERY 1 1 1 100 100 100
UPDATE 24 62 24 132535799
QUERY 1 1 1 100 100 100
UPDATE 91 15 15 204733508
QUERY 1 1 1 100 100 100
QUERY 1 1 1 100 100 100
QUERY 1 1 1 100 100 100
QUERY 1 1 1 100 100 100
UPDATE 39 22 11 691660126
UPDATE 18 81 76 81646303
QUERY 1 1 1 100 100 100
UPDATE 7 84 88 946191683
QUERY 1 1 1 100 100 100
QUERY 1 1 1 100 100 100
QUERY 1 1 1 100 100 100
QUERY 1 1 1 100 100 100
QUERY 12 20 16 93 99 76
UPDATE 95 70 30 538875424
UPDATE 34 33 41 785894344
QUERY 1 1 1 100 100 100
UPDATE 25 94 27 293825716
UPDATE 1 10 84 872182936
QUERY 1 1 1 100 100 100
UPDATE 29 48 25 753408557
UPDATE 93 23 52 78223106
QUERY 1 1 1 100 100 100
QUERY 1 1 1 100 100 100
UPDATE 19 33 19 179269412
UPDATE 59 9 60 709210578
QUERY 1 1 1 100 100 100
QUERY 1 1 1 100 100 100
UPDATE 35 27 41 22807880
QUERY 1 1 1 100 100 100
UPDATE 59 82 9 195502698
QUERY 1 1 1 100 100 100
QUERY 1 1 1 100 100 100
UPDATE 44 78 22 924117530
QUERY 1 1 1 100 100 100
UPDATE 66 23 21 111832183
QUERY 1 1 1 100 100 100
UPDATE 89 51 61 741850997
UPDATE 85 81 44 407294689
UPDATE 52 66 45 467478329
QUERY 1 1 1 100 100 100
UPDATE 85 94 50 406710711
QUERY 1 1 1 100 100 100
UPDATE 27 45 79 856721977
QUERY 1 1 1 100 100 100
QUERY 15 1 28 73 54 31
QUERY 1 1 1 100 100 100
UPDATE 28 14 94 148659642
UPDATE 3 81 25 419170132
QUERY 1 1 1 100 100 100
UPDATE 33 45 44 965755739
UPDATE 45 42 100 61172932
UPDATE 89 32 22 855153123
UPDATE 78 83 11 943685188
UPDATE 63 41 56 20858004
UPDATE 92 47 11 362950453
UPDATE 45 99 44 348548120
UPDATE 25 3 34 142340954
QUERY 1 1 1 100 100 100
QUERY 1 1 1 100 100 100
QUERY 1 1 1 100 100 100
UPDATE 23 32 90 892396038
QUERY 1 1 1 100 100 100
UPDATE 24 30 93 376236191
UPDATE 52 14 9 86017839
QUERY 1 1 1 100 100 100
UPDATE 26 2 21 6822505
QUERY 1 1 1 100 100 100
QUERY 1 1 1 100 100 100
UPDATE 92 5 69 470118308
UPDATE 23 86 80 336191197
QUERY 46 31 56 75 87 69
QUERY 1 1 1 100 100 100
QUERY 1 1 1 100 100 100
UPDATE 53 52 45 975229872
QUERY 1 1 1 100 100 100
QUERY 1 1 1 100 100 100
UPDATE 10 83 61 895770111
UPDATE 47 43 26 845812581
QUERY 1 1 1 100 100 100
UPDATE 60 34 72 250951084
QUERY 1 1 1 100 100 100
UPDATE 14 14 41 385486829
UPDATE 74 65 35 29602426
QUERY 34 20 8 54 57 96
UPDATE 84 20 65 888049575
UPDATE 21 47 9 365008218
QUERY 1 1 1 100 100 100
UPDATE 3 97 69 298432574
UPDATE 7 76 60 8123414
UPDATE 42 5 25 793439484
QUERY 1 1 1 100 100 100
UPDATE 26 34 80 819740958
UPDATE 43 91 55 146268726
UPDATE 95 15 11 922332807
UPDATE 9 59 42 87720624
UPDATE 86 95 60 723465917
UPDATE 52 83 1 65775571
QUERY 1 1 1 100 100 100
UPDATE 90 60 72 744069868
UPDATE 45 21 24 34354184
QUERY 1 1 1 100 100 100
UPDATE 29 4 39 113001069
QUERY 1 1 1 100 100 100
UPDATE 77 48 36 691173337
QUERY 1 1 1 100 100 100
QUERY 1 1 1 100 100 100
UPDATE 45 42 31 923195696
UPDATE 12 2 100 178377540
QUERY 75 59 36 98 81 41
QUERY 1 1 1 100 100 100
QUERY 1 1 1 100 100 100
QUERY 1 1 1 100 100 100
QUERY 1 1 1 100 100 100
QUERY 1 1 1 100 100 100
UPDATE 66 53 87 517058137
UPDATE 13 42 93 496010565
QUERY 1 1 1 100 100 100
QUERY 1 1 1 100 100 100
QUERY 1 1 1 100 100 100
QUERY 2 52 62 46 64 83
QUERY 1 1 1 100 100 100
QUERY 1 1 1 100 100 100
UPDATE 46 33 62 752253453
QUERY 1 1 1 100 100 100
UPDATE 26 46 2 520246495
UPDATE 89 62 26 701546675
UPDATE 17 29 26 51798049
UPDATE 83 3 28 630090204
UPDATE 60 76 48 656163921
QUERY 1 1 1 100 100 100
UPDATE 46 16 79 929556050
UPDATE 89 45 13 671318324
QUERY 9 29 50 58 94 59
UPDATE 62 19 40 609772787
UPDATE 67 57 100 269760510
UPDATE 55 78 6 188478347
QUERY 1 1 1 100 100 100
UPDATE 90 48 37 146483924
QUERY 1 1 1 100 100 100
UPDATE 16 78 5 302572200
QUERY 1 1 1 100 100 100
UPDATE 84 5 82 164999030
UPDATE 42 76 19 834915081
UPDATE 69 48 35 382525883
QUERY 1 1 1 100 100 100
UPDATE 23 51 2 42064972
UPDATE 78 5 89 984833774
QUERY 1 1 1 100 100 100
UPDATE 79 9 29 802534162
UPDATE 7 45 40 781980845
UPDATE 60 16 8 958618733
UPDATE 93 24 35 125567213
QUERY 30 5 51 54 93 78
UPDATE 99 13 60 553222640
QUERY 1 1 1 100 100 100
QUERY 1 1 1 100 100 100
UPDATE 86 29 65 194680963
UPDATE 11 29 48 529182818
UPDATE 44 24 2 68390344
UPDATE 99 84 73 371271222
QUERY 1 1 1 100 100 100
UPDATE 45 68 10 103395702
UPDATE 72 73 73 105593086
QUERY 1 1 1 100 100 100
QUERY 1 1 1 100 100 100
UPDATE 8 13 80 496378190
QUERY 1 1 1 100 100 100
QUERY 1 1 1 100 100 100
UPDATE 62 90 35 919747772
QUERY 1 1 1 100 100 100
QUERY 1 1 1 100 100 100
QUERY 1 1 1 100 100 100
UPDATE 49 82 14 820403624
UPDATE 75 51 79 575353697
QUERY 40 24 67 44 99 72
UPDATE 12 15 81 891329291
QUERY 1 1 1 100 100 100
QUERY 24 41 25 40 63 55
UPDATE 81 13 81 655867142
UPDATE 48 26 40 757535385
UPDATE 50 10 43 662314052
UPDATE 74 63 48 682123491
UPDATE 19 30 12 614575235
QUERY 1 1 1 100 100 100
UPDATE 37 98 78 66313166
UPDATE 10 78 51 430318187
UPDATE 34 54 72 232728067
QUERY 1 1 1 100 100 100
UPDATE 43 80 97 793528460
QUERY 71 51 39 71 89 78
UPDATE 13 60 97 545471333
QUERY 1 1 1 100 100 100
QUERY 37 69 25 74 90 59
QUERY 1 1 1 100 100 100
UPDATE 65 18 96 627319125
QUERY 1 1 1 100 100 100
UPDATE 98 10 89 251686993
QUERY 1 1 1 100 100 100
QUERY 1 1 1 100 100 100
UPDATE 41 81 77 753084505
UPDATE 20 12 58 457991414
QUERY 1 1 1 100 100 100
QUERY 1 1 1 100 100 100
UPDATE 89 95 89 802320920
UPDATE 52 48 92 27698161
QUERY 1 1 1 100 100 100
UPDATE 26 59 53 385309567
QUERY 1 1 1 100 100 100
QUERY 1 1 1 100 100 100
UPDATE 72 99 13 92039727
UPDATE 30 43 63 184598213
UPDATE 58 26 37 85707377
QUERY 1 1 1 100 100 100
UPDATE 16 60 50 905210877
UPDATE 46 56 27 346270665
UPDATE 31 33 25 2349209
UPDATE 19 80 68 264940463
QUERY 80 12 39 87 80 87
UPDATE 19 31 7 775248342
UPDATE 79 2 95 906694422
QUERY 1 1 1 100 100 100
UPDATE 78 95 75 709519867
UPDATE 53 3 27 924791777
QUERY 1 1 1 100 100 100
UPDATE 94 40 31 145142222
QUERY 1 1 1 100 100 100
UPDATE 46 94 85 829899430
UPDATE 90 35 83 135727692
QUERY 6 50 50 84 66 70
QUERY 90 29 41 94 53 77
UPDATE 24 49 86 205182007
QUERY 66 10 55 71 33 60
QUERY 1 1 1 100 100 100
UPDATE 62 45 53 139096856
QUERY 1 1 1 100 100 100
QUERY 1 1 1 100 100 100
UPDATE 58 27 90 598760951
UPDATE 23 57 76 577441031
QUERY 1 1 1 100 100 100
QUERY 1 1 1 100 100 100
UPDATE 27 77 46 198441845
QUERY 1 1 1 100 100 100
QUERY 1 1 1 100 100 100
QUERY 34 33 1 70 72 42
QUERY 1 1 1 100 100 100
QUERY 1 1 1 100 100 100
UPDATE 89 30 95 390511260
QUERY 1 1 1 100 100 100
QUERY 1 1 1 100 100 100
QUERY 1 1 1 100 100 100
QUERY 1 1 1 100 100 100
UPDATE 84 75 24 536753965
UPDATE 23 2 99 221358681
UPDATE 13 55 63 47779486
QUERY 1 1 1 100 100 100
UPDATE 76 43 6 487938752
QUERY 1 1 1 100 100 100
QUERY 1 1 1 100 100 100
QUERY 1 1 1 100 100 100
UPDATE 25 79 38 579964200
UPDATE 25 9 69 357121172
UPDATE 30 97 89 374401001
UPDATE 1 57 59 857468802
QUERY 1 1 1 100 100 100
UPDATE 3 27 77 703839528
QUERY 1 1 1 100 100 100
UPDATE 71 34 43 130484144
UPDATE 20 87 2 609131223
QUERY 1 1 1 100 100 100
UPDATE 77 59 91 35572855
UPDATE 18 30 73 471485153
UPDATE 4 59 2 840035177
UPDATE 95 38 95 129233931
UPDATE 33 34 18 479153717
UPDATE 94 36 82 218747716
QUERY 1 1 1 100 100 100
QUERY 1 1 1 100 100 100
QUERY 1 1 1 100 100 100
QUERY 1 1 1 100 100 100
UPDATE 18 41 2 795579517
UPDATE 91 43 37 888624263
UPDATE 98 66 10 494508819
UPDATE 84 89 1 689540572
QUERY 1 1 1 100 100 100
UPDATE 83 23 24 973201717
UPDATE 87 30 22 452839280
QUERY 1 1 1 100 100 100
UPDATE 95 13 56 82623157
UPDATE 45 3 20 217243593
UPDATE 31 85 1 907188094
QUERY 33 78 66 49 80 85
QUERY 7 36 44 67 70 53
UPDATE 73 39 60 69122764
UPDATE 16 23 1 925012613
QUERY 1 1 1 100 100 100
QUERY 1 1 1 100 100 100
QUERY 1 1 1 100 100 100
QUERY 1 1 1 100 100 100
QUERY 1 1 1 100 100 100
UPDATE 82 80 21 780281169
UPDATE 9 50 36 745620596
UPDATE 21 45 17 75254366
UPDATE 75 32 97 191541574
UPDATE 89 99 97 492973295
UPDATE 4 21 9 63271410
UPDATE 48 39 97 557015663
QUERY 1 1 1 100 100 100
UPDATE 48 41 31 474742160
UPDATE 90 87 43 142348157
UPDATE 27 87 7 763653212
QUERY 40 5 35 74 10 97
UPDATE 6 41 32 105626477
UPDATE 43 6 8 749192688
UPDATE 10 71 30 449889094
UPDATE 19 11 25 353074091
QUERY 1 1 1 100 100 100
QUERY 1 1 1 100 100 100
QUERY 1 1 1 100 100 100
QUERY 1 1 1 100 100 100
UPDATE 68 30 48 73437604
QUERY 1 1 1 100 100 100
UPDATE 90 81 45 823758330
UPDATE 15 25 39 652192397
UPDATE 3 86 7 49563797
QUERY 1 1 1 100 100 100
UPDATE 100 73 48 780434602
QUERY 1 1 1 100 100 100
UPDATE 78 7 63 121222712
UPDATE 4 21 29 709440438
QUERY 1 1 1 100 100 100
UPDATE 21 42 36 775344746
QUERY 1 1 1 100 100 100
QUERY 1 1 1 100 100 100
UPDATE 53 79 49 651873639
QUERY 1 1 1 100 100 100
QUERY 1 1 1 100 100 100
QUERY 1 1 1 100 100 100
UPDATE 100 18 83 914045109
QUERY 1 1 1 100 100 100
QUERY 1 1 1 100 100 100
UPDATE 22 29 15 594236075
QUERY 1 1 1 100 100 100
QUERY 1 1 1 100 100 100
QUERY 1 1 1 100 100 100
UPDATE 98 94 99 697742646
UPDATE 91 46 33 743558407
QUERY 1 1 1 100 100 100
QUERY 1 1 1 100 100 100
UPDATE 63 22 84 124953839
UPDATE 79 19 41 43474067
UPDATE 30 100 45 234076284
QUERY 1 1 1 100 100 100
QUERY 1 1 1 100 100 100
UPDATE 45 75 72 895486363
UPDATE 87 52 65 360670239
UPDATE 57 4 19 822820228
QUERY 1 1 1 100 100 100
QUERY 9 16 3 67 26 34
QUERY 1 1 1 100 100 100
QUERY 2 71 25 5 89 93
UPDATE 58 34 57 882698015
UPDATE 68 50 4 977307396
UPDATE 78 85 63 893157374
QUERY 5 23 80 50 43 93
UPDATE 13 25 94 311338802
UPDATE 64 28 59 831639410
UPDATE 79 89 2 861045504
QUERY 1 1 1 100 100 100
QUERY 45 40 9 99 59 29
UPDATE 92 82 7 14262689
QUERY 47 15 8 63 100 37
QUERY 1 1 1 100 100 100
UPDATE 70 75 19 321891383
QUERY 1 1 1 100 100 100
QUERY 1 1 1 100 100 100
UPDATE 70 6 48 332547173
UPDATE 85 19 47 435456904
QUERY 1 1 1 100 100 100
QUERY 1 1 1 100 100 100
QUERY 8 19 28 60 82 49
QUERY 1 1 1 100 100 100
QUERY 19 40 13 40 61 68
UPDATE 2 16 45 318299665
QUERY 1 1 1 100 100 100
UPDATE 54 16 78 250702727
UPDATE 70 14 81 591604357
UPDATE 78 62 55 975454564
QUERY 1 1 1 100 100 100
UPDATE 87 94 38 34976258
QUERY 26 2 18 87 28 58
QUERY 71 35 9 100 77 21
QUERY 1 1 1 100 100 100
UPDATE 82 4 68 147145011
QUERY 28 7 41 100 73 79
QUERY 1 1 1 100 100 100
UPDATE 30 1 74 976313638
UPDATE 35 34 35 380649761
QUERY 35 26 21 46 98 59
QUERY 6 8 67 16 82 93
UPDATE 14 4 15 370527232
QUERY 1 1 1 100 100 100
QUERY 1 1 1 100 100 100
UPDATE 33 69 90 11480606
QUERY 1 1 1 100 100 100
UPDATE 90 49 64 718455219
QUERY 18 77 26 79 99 65
QUERY 1 1 1 100 100 100
UPDATE 99 20 92 892389249
UPDATE 90 42 77 640421746
QUERY 1 1 1 100 100 100
QUERY 1 1 1 100 100 100
QUERY 1 1 1 100 100 100
QUERY 1 1 1 100 100 100
UPDATE 37 88 35 1616947
QUERY 1 1 1 100 100 100
QUERY 1 1 1 100 100 100
UPDATE 95 39 10 116967056
QUERY 1 1 1 100 100 100
QUERY 1 1 1 100 100 100
QUERY 1 1 1 100 100 100
UPDATE 97 86 93 840750274
QUERY 1 1 1 100 100 100
UPDATE 51 35 61 392905952
UPDATE 36 81 15 309617914
UPDATE 66 68 50 230355874
QUERY 1 1 1 100 100 100
QUERY 1 1 1 100 100 100
UPDATE 7 29 60 587906052
UPDATE 46 89 77 275829320
UPDATE 79 33 66 485001486
UPDATE 81 91 24 797480033
QUERY 1 1 1 100 100 100
QUERY 1 1 1 100 100 100
QUERY 1 1 1 100 100 100
QUERY 1 1 1 100 100 100
QUERY 16 75 21 53 86 23
UPDATE 34 3 63 631473719
UPDATE 100 94 15 653601994
UPDATE 51 14 69 263355418
UPDATE 100 30 86 85310454
QUERY 1 1 1 100 100 100
UPDATE 85 62 84 577739484
UPDATE 50 36 39 529958938
UPDATE 41 57 13 730460267
UPDATE 15 37 28 50002504
UPDATE 15 33 91 712836069
UPDATE 69 69 24 448567329
UPDATE 84 51 75 427401498
UPDATE 58 59 90 648090596
QUERY 1 1 1 100 100 100
UPDATE 55 49 43 69457053
UPDATE 57 9 25 150192991
QUERY 1 1 1 100 100 100
QUERY 1 1 1 100 100 100
UPDATE 26 93 59 861421377
UPDATE 24 69 47 469406982
QUERY 1 1 1 100 100 100
UPDATE 33 85 83 488157682
QUERY 1 1 1 100 100 100
QUERY 1 1 1 100 100 100
UPDATE 88 52 34 565798154
QUERY 1 1 1 100 100 100
QUERY 1 1 1 100 100 100
QUERY 1 1 1 100 100 100
QUERY 1 1 1 100 100 100
QUERY 1 1 1 100 100 100
UPDATE 99 62 66 281224605
QUERY 1 1 1 100 100 100
UPDATE 76 48 11 480170645
UPDATE 22 87 44 934667875
QUERY 1 1 1 100 100 100
QUERY 1 1 1 100 100 100
QUERY 1 1 1 100 100 100
UPDATE 89 61 25 408603272
QUERY 1 1 1 100 100 100
UPDATE 12 74 34 971716089
QUERY 1 1 1 100 100 100
UPDATE 68 66 85 316270828
UPDATE 82 24 89 545734156
UPDATE 48 51 71 141199228
UPDATE 75 9 57 344949706
QUERY 1 1 1 100 100 100
QUERY 1 1 1 100 100 100
QUERY 1 1 1 100 100 100
QUERY 1 1 1 100 100 100
QUERY 23 39 87 82 53 88
QUERY 51 87 7 85 93 11
QUERY 1 1 1 100 100 100
UPDATE 40 16 44 794054315
UPDATE 44 60 15 364925383
UPDATE 49 93 90 348939854
QUERY 1 1 1 100 100 100
UPDATE 1 44 33 189853441
UPDATE 27 70 40 475178420
UPDATE 99 6 89 102622643
QUERY 1 1 1 100 100 100
QUERY 1 1 1 100 100 100
UPDATE 20 6 73 98633039
QUERY 11 31 31 24 50 74
UPDATE 85 65 93 96371060
QUERY 2 19 20 69 59 55
UPDATE 84 93 96 538361805
QUERY 1 53 23 17 97 55
QUERY 1 1 1 100 100 100
QUERY 54 18 87 73 19 94
QUERY 47 7 4 76 96 40
QUERY 1 1 1 100 100 100
UPDATE 92 88 14 493011723
UPDATE 91 73 58 448528419
UPDATE 4 34 53 222580522
UPDATE 76 38 82 734519437
UPDATE 64 56 51 477900594
QUERY 1 1 1 100 100 100
QUERY 1 1 1 100 100 100
QUERY 1 1 1 100 100 100
QUERY 1 1 1 100 100 100
QUERY 26 10 31 34 54 94
UPDATE 100 24 9 742154148
QUERY 19 22 12 82 97 43
UPDATE 98 76 32 232469388
UPDATE 54 62 96 85527623
QUERY 1 1 1 100 100 100
UPDATE 64 5 39 494059357
UPDATE 69 49 24 603145224
QUERY 1 1 1 100 100 100
UPDATE 78 11 86 93371292
QUERY 1 1 1 100 100 100
UPDATE 86 23 43 775978488
UPDATE 59 66 56 621782496
QUERY 1 1 1 100 100 100
UPDATE 33 64 73 165703754
QUERY 1 1 1 100 100 100
UPDATE 37 50 53 335425127
QUERY 1 1 1 100 100 100
QUERY 1 1 1 100 100 100
UPDATE 95 77 78 140644309
QUERY 1 1 1 100 100 100
UPDATE 40 21 96 653556650
UPDATE 3 16 76 697977724
QUERY 1 1 1 100 100 100
UPDATE 83 60 65 545422602
QUERY 1 1 1 100 100 100
QUERY 1 1 1 100 100 100
UPDATE 65 63 67 518273506
QUERY 1 1 1 100 100 100
UPDATE 39 10 60 162228974
UPDATE 47 31 13 657539366
QUERY 1 1 1 100 100 100
QUERY 1 1 1 100 100 100
UPDATE 81 56 51 795132300
UPDATE 97 8 99 559104628
UPDATE 31 41 8 180213724
QUERY 1 1 1 100 100 100
QUERY 1 1 1 100 100 100
UPDATE 36 14 45 926967246
UPDATE 32 77 62 504993428
QUERY 1 1 1 100 100 100
QUERY 1 1 1 100 100 100
UPDATE 7 54 51 907399001
UPDATE 35 82 18 870807618
UPDATE 54 25 29 60148844
UPDATE 23 56 20 592177144
QUERY 14 20 20 89 54 66
QUERY 1 1 1 100 100 100
QUERY 1 1 1 100 100 100
UPDATE 25 14 36 974168008
QUERY 1 1 1 100 100 100
QUERY 67 13 21 100 67 21
UPDATE 81 28 54 180170523
UPDATE 24 98 37 721886093
UPDATE 22 78 94 945713578
UPDATE 3 50 42 602897331
UPDATE 77 26 15 916005076
UPDATE 82 45 49 447134723
QUERY 1 1 1 100 100 100
QUERY 1 1 1 100 100 100
UPDATE 76 15 38 222761087
QUERY 1 1 1 100 100 100
UPDATE 98 88 14 888347999
UPDATE 42 56 21 618171347
UPDATE 27 59 84 693397030
UPDATE 18 15 4 106109221
UPDATE 10 76 39 36451339
UPDATE 24 58 38 7178832
QUERY 1 1 1 100 100 100
QUERY 16 34 56 38 81 61
QUERY 1 1 1 100 100 100
QUERY 1 1 1 100 100 100
UPDATE 65 83 39 996994782
UPDATE 47 92 17 284878989
QUERY 1 1 1 100 100 100
QUERY 1 1 1 100 100 100
UPDATE 40 87 24 970968615
QUERY 1 1 1 100 100 100
QUERY 1 1 1 100 100 100
UPDATE 15 75 39 123162567
QUERY 1 1 1 100 100 100
UPDATE 32 46 57 111882849
UPDATE 96 38 34 429220393
QUERY 1 1 1 100 100 100
QUERY 1 1 1 100 100 100
UPDATE 64 60 62 328986313
QUERY 1 1 1 100 100 100
UPDATE 43 60 80 525650624
UPDATE 37 30 77 701801110
QUERY 1 1 1 100 100 100
UPDATE 59 69 84 98896940
QUERY 1 1 1 100 100 100
UPDATE 12 94 18 97133417
UPDATE 57 5 41 128489691
QUERY 1 1 1 100 100 100
QUERY 1 1 1 100 100 100
UPDATE 29 27 99 851021029
UPDATE 41 72 54 288472036
QUERY 1 1 1 100 100 100
QUERY 1 1 1 100 100 100
UPDATE 37 48 44 984002249
QUERY 1 1 1 100 100 100
UPDATE 5 2 46 234589811
UPDATE 29 47 26 26541936
QUERY 1 1 1 100 100 100
QUERY 34 24 21 36 89 26
QUERY 1 1 1 100 100 100
UPDATE 38 41 18 27458536
QUERY 1 1 1 100 100 100
QUERY 1 1 1 100 100 100
UPDATE 12 74 63 93443054
QUERY 1 1 1 100 100 100
QUERY 1 1 1 100 100 100
UPDATE 100 80 90 146360356
UPDATE 46 28 37 144139786
QUERY 1 1 1 100 100 100
QUERY 1 1 1 100 100 100
QUERY 1 1 1 100 100 100
UPDATE 59 50 66 429326205
UPDATE 17 77 47 285633719
QUERY 1 1 1 100 100 100
UPDATE 31 67 42 606798752
UPDATE 94 95 48 649679742
UPDATE 31 43 80 632431314
QUERY 1 1 1 100 100 100
UPDATE 89 89 87 224018802
UPDATE 24 60 22 464783455
QUERY 1 1 1 100 100 100
QUERY 1 1 1 100 100 100
UPDATE 31 96 19 442292455
QUERY 17 49 67 41 55 88
UPDATE 2 67 10 744094066
UPDATE 10 93 98 708191861
UPDATE 60 21 9 736056343
UPDATE 27 10 9 944493502
UPDATE 57 95 74 748663989
QUERY 1 1 1 100 100 100
QUERY 1 1 1 100 100 100
UPDATE 16 7 89 532956595
QUERY 1 1 1 100 100 100
QUERY 1 1 1 100 100 100
QUERY 1 1 1 100 100 100
UPDATE 82 94 68 938340829
UPDATE 67 56 11 351935234
QUERY 1 1 1 100 100 100
QUERY 1 1 1 100 100 100
UPDATE 1 11 90 866231305
QUERY 1 1 1 100 100 100
QUERY 1 1 1 100 100 100
QUERY 1 1 1 100 100 100
UPDATE 27 14 52 546659791
UPDATE 67 35 84 407426008
UPDATE 5 31 37 309661938
UPDATE 1 99 69 515306795
UPDATE 4 4 48 271029031
QUERY 1 1 1 100 100 100
UPDATE 80 87 71 400115967
QUERY 1 1 1 100 100 100
UPDATE 24 39 67 742726361
QUERY 1 1 1 100 100 100
QUERY 1 1 1 100 100 100
QUERY 1 1 1 100 100 100
UPDATE 54 26 58 90926223
UPDATE 58 26 99 988639801
QUERY 1 1 1 100 100 100
UPDATE 60 35 35 497258487
QUERY 1 1 1 100 100 100
QUERY 1 1 1 100 100 100
UPDATE 90 80 96 676523522
UPDATE 14 95 79 585103625
QUERY 1 1 1 100 100 100
QUERY 3 6 56 85 42 97
QUERY 1 1 1 100 100 100
QUERY 1 1 1 100 100 100
QUERY 1 1 1 100 100 100
QUERY 1 1 1 100 100 100
UPDATE 31 22 18 70566959
UPDATE 5 65 8 715856209
UPDATE 32 57 51 570044486
UPDATE 85 70 23 17738158
QUERY 1 1 1 100 100 100
QUERY 1 1 1 100 100 100
QUERY 26 68 44 93 69 54
QUERY 1 1 1 100 100 100
QUERY 1 1 1 100 100 100
UPDATE 47 47 61 444026747
QUERY 1 1 1 100 100 100
QUERY 1 1 1 100 100 100
QUERY 1 1 1 100 100 100
UPDATE 43 48 46 388616476
UPDATE 28 30 50 711617158
UPDATE 81 18 24 779019311
UPDATE 21 65 16 455699228
QUERY 13 8 77 68 95 78
UPDATE 96 21 88 542232074
QUERY 1 1 1 100 100 100
QUERY 1 1 1 100 100 100
QUERY 1 1 1 100 100 100
UPDATE 70 65 73 140389413
QUERY 1 1 1 100 100 100
UPDATE 34 33 45 473305759
UPDATE 68 58 67 446759623
UPDATE 8 43 58 170768221
UPDATE 16 28 66 615186880
UPDATE 98 47 16 65838203
UPDATE 59 40 67 757696726
QUERY 1 1 1 100 100 100
UPDATE 85 73 25 588718239
QUERY 1 1 1 100 100 100
UPDATE 59 4 35 368964060
QUERY 12 49 34 26 89 34
UPDATE 81 63 21 537847708
UPDATE 34 55 31 158840301
QUERY 1 1 1 100 100 100
UPDATE 34 65 47 652756119
UPDATE 20 29 43 480003792
QUERY 1 1 1 100 100 100
UPDATE 30 82 43 589478278
UPDATE 27 67 42 470044229
QUERY 1 1 1 100 100 100
QUERY 1 1 1 100 100 100
UPDATE 1 3 82 994508639
QUERY 1 1 1 100 100 100
QUERY 1 8 9 86 70 22
UPDATE 29 64 63 745527757
UPDATE 10 35 19 97323349
UPDATE 60 64 37 417899507
UPDATE 72 35 99 847474755
QUERY 1 1 1 100 100 100
UPDATE 80 19 78 477670607
UPDATE 99 68 65 469703407
UPDATE 99 60 40 67260029
QUERY 1 1 1 100 100 100
QUERY 1 1 1 100 100 100
QUERY 1 1 1 100 100 100
QUERY 6 57 65 87 89 69
QUERY 46 24 53 61 66 82
UPDATE 64 34 55 658793263
UPDATE 76 1 99 357401102
UPDATE 49 69 3 633386601
QUERY 1 1 1 100 100 100
QUERY 1 1 1 100 100 100
UPDATE 46 60 42 84501991
QUERY 1 1 1 100 100 100
QUERY 1 1 1 100 100 100
QUERY 47 28 31 47 81 42
QUERY 1 1 1 100 100 100
QUERY 1 1 1 100 100 100
QUERY 1 1 1 100 100 100
QUERY 1 1 1 100 100 100
QUERY 1 1 1 100 100 100
QUERY 1 1 1 100 100 100
QUERY 1 1 1 100 100 100
UPDATE 46 81 19 128548031
UPDATE 3 58 58 638128678
QUERY 1 1 1 100 100 100
UPDATE 58 40 12 537983577
UPDATE 95 50 77 81421743
QUERY 1 1 1 100 100 100
QUERY 1 1 1 100 100 100
UPDATE 46 26 50 547137847
UPDATE 10 89 12 493560717
UPDATE 39 54 98 484468397
QUERY 21 5 71 70 89 95
QUERY 3 5 23 73 10 60
QUERY 1 1 1 100 100 100
UPDATE 97 20 13 882216172
QUERY 1 1 1 100 100 100
QUERY 1 1 1 100 100 100
QUERY 1 1 1 100 100 100
UPDATE 74 56 61 29256494
UPDATE 37 81 27 663753148
QUERY 1 1 1 100 100 100
QUERY 1 1 1 100 100 100
QUERY 1 1 1 100 100 100
QUERY 1 1 1 100 100 100
QUERY 1 1 1 100 100 100
QUERY 1 1 1 100 100 100
UPDATE 12 14 35 554470503
QUERY 1 1 1 100 100 100
UPDATE 5 64 35 405938241
QUERY 1 1 1 100 100 100
QUERY 1 1 1 100 100 100
UPDATE 37 75 82 361639277
UPDATE 28 74 69 59852245
QUERY 86 4 30 96 55 93
UPDATE 58 20 32 120717560
UPDATE 65 90 49 774182894
UPDATE 72 58 11 477765613
QUERY 1 1 1 100 100 100
UPDATE 20 13 37 69193587
UPDATE 55 10 30 36436413
QUERY 1 1 1 100 100 100
UPDATE 60 44 80 831188062
UPDATE 6 46 39 206273411
UPDATE 48 81 66 593914286
QUERY 1 1 1 100 100 100
QUERY 1 1 1 100 100 100
UPDATE 84 78 76 204417470
QUERY 1 1 1 100 100 100
UPDATE 7 28 50 477579721
QUERY 1 1 1 100 100 100
QUERY 1 1 1 100 100 100
UPDATE 24 10 54 180215833
UPDATE 94 36 10 42265813
QUERY 1 1 1 100 100 100
QUERY 1 1 1 100 100 100
QUERY 1 1 1 100 100 100
QUERY 1 1 1 100 100 100
UPDATE 26 50 57 597458367
UPDATE 4 24 57 145052103
QUERY 1 1 1 100 100 100
QUERY 1 1 1 100 100 100
UPDATE 16 42 63 438027110
QUERY 1 1 1 100 100 100
UPDATE 17 11 45 349775147
QUERY 1 1 1 100 100 100
UPDATE 66 26 74 185580495
UPDATE 47 13 65 371668421
QUERY 66 25 20 67 66 61
68 458
UPDATE 33 7 32 708188294
QUERY 1 1 1 68 68 68
UPDATE 5 40 44 916529776
UPDATE 40 53 11 643929388
UPDATE 12 51 3 171319294
UPDATE 32 15 53 841711452
UPDATE 35 13 45 105018612
QUERY 1 1 1 68 68 68
QUERY 1 1 1 68 68 68
QUERY 1 1 1 68 68 68
UPDATE 36 21 4 582670121
UPDATE 65 48 30 214648694
UPDATE 9 26 20 538693643
UPDATE 62 45 13 869251023
QUERY 1 1 1 68 68 68
UPDATE 12 38 5 48068441
UPDATE 26 64 27 735767175
UPDATE 62 25 58 436596435
UPDATE 37 13 3 157389978
QUERY 1 1 1 68 68 68
QUERY 1 1 1 68 68 68
QUERY 1 1 1 68 68 68
QUERY 1 1 1 68 68 68
QUERY 1 1 1 68 68 68
QUERY 1 1 1 68 68 68
UPDATE 23 29 56 716695342
UPDATE 39 49 14 909480401
QUERY 1 1 1 68 68 68
UPDATE 68 1 27 597881864
UPDATE 66 15 68 109082924
QUERY 19 31 29 35 54 61
UPDATE 32 46 21 881390013
UPDATE 14 62 24 662897956
QUERY 1 1 1 68 68 68
QUERY 25 31 6 27 33 54
UPDATE 44 32 32 178551751
QUERY 1 1 1 68 68 68
QUERY 1 1 1 68 68 68
QUERY 41 8 33 41 40 39
UPDATE 34 21 45 529885183
QUERY 1 1 1 68 68 68
QUERY 1 1 1 68 68 68
QUERY 1 1 1 68 68 68
QUERY 1 1 1 68 68 68
UPDATE 39 7 56 107706010
UPDATE 25 65 64 482595224
QUERY 1 1 1 68 68 68
UPDATE 28 19 41 737305379
UPDATE 30 8 12 930507067
UPDATE 61 34 51 911817658
QUERY 1 1 1 68 68 68
UPDATE 54 46 68 940627087
UPDATE 10 19 48 122176353
UPDATE 9 24 27 909633586
UPDATE 17 12 9 177627110
QUERY 1 1 1 68 68 68
UPDATE 47 65 64 727404787
UPDATE 4 68 60 826171524
QUERY 1 1 1 68 68 68
UPDATE 26 6 45 568048439
QUERY 1 1 1 68 68 68
UPDATE 28 1 35 550964139
UPDATE 68 29 29 418141557
UPDATE 49 10 7 250441737
UPDATE 46 25 14 645754727
UPDATE 64 54 17 776978357
UPDATE 36 63 68 692080046
QUERY 1 1 1 68 68 68
UPDATE 67 16 58 465210482
UPDATE 64 1 29 551541680
QUERY 1 1 1 68 68 68
QUERY 1 1 1 68 68 68
QUERY 1 1 1 68 68 68
QUERY 1 1 1 68 68 68
UPDATE 17 25 10 914248567
QUERY 24 14 28 63 41 67
UPDATE 4 8 30 530712747
QUERY 1 1 1 68 68 68
UPDATE 68 51 43 21083552
UPDATE 44 17 22 618935985
UPDATE 24 44 38 591844406
UPDATE 47 66 27 348893657
UPDATE 41 10 32 697626487
UPDATE 61 32 51 367336779
QUERY 1 1 1 68 68 68
UPDATE 63 15 5 320393039
QUERY 1 1 1 68 68 68
UPDATE 33 54 68 207045617
UPDATE 24 60 10 831909523
UPDATE 62 51 55 742139104
QUERY 1 1 1 68 68 68
UPDATE 59 56 66 14377830
QUERY 18 2 22 31 13 67
UPDATE 67 59 8 644657896
UPDATE 62 46 22 704077198
QUERY 1 1 1 68 68 68
QUERY 1 1 1 68 68 68
QUERY 32 32 46 57 36 58
QUERY 1 1 1 68 68 68
UPDATE 59 43 8 569602211
QUERY 1 1 1 68 68 68
UPDATE 37 11 37 127507602
QUERY 47 60 31 53 60 31
UPDATE 13 27 54 44234860
QUERY 1 1 1 68 68 68
UPDATE 35 16 62 65747534
QUERY 27 12 32 36 21 61
UPDATE 23 52 8 743769194
UPDATE 9 48 31 631348294
UPDATE 5 8 59 828443239
UPDATE 19 10 55 444504779
UPDATE 35 40 30 267011269
QUERY 1 1 1 68 68 68
UPDATE 14 23 12 569881107
UPDATE 48 27 7 949076170
UPDATE 43 56 19 396473317
UPDATE 29 62 14 730290339
QUERY 1 1 1 68 68 68
UPDATE 61 25 21 692762548
UPDATE 30 33 55 891021004
UPDATE 49 12 53 406876428
QUERY 1 1 1 68 68 68
UPDATE 13 8 59 102538948
QUERY 1 1 1 68 68 68
QUERY 47 36 36 65 39 42
QUERY 1 1 1 68 68 68
UPDATE 21 38 7 553382017
UPDATE 36 59 30 924844034
QUERY 1 1 1 68 68 68
UPDATE 29 67 16 668913608
UPDATE 65 59 11 3364455
UPDATE 60 4 26 849861413
QUERY 16 28 4 61 68 56
QUERY 49 61 9 55 68 36
UPDATE 53 47 4 432572197
QUERY 1 1 1 68 68 68
QUERY 1 1 1 68 68 68
QUERY 1 1 1 68 68 68
UPDATE 68 10 53 125118948
UPDATE 30 40 31 588146068
UPDATE 37 12 24 810736355
QUERY 1 1 1 68 68 68
UPDATE 47 55 1 928164121
UPDATE 61 65 67 48175746
UPDATE 46 13 9 229115807
QUERY 1 1 1 68 68 68
QUERY 1 1 1 68 68 68
UPDATE 18 32 68 363051458
UPDATE 8 55 4 566137067
QUERY 1 1 1 68 68 68
QUERY 25 6 41 37 10 46
QUERY 1 1 1 68 68 68
UPDATE 40 34 52 391869576
QUERY 1 1 1 68 68 68
QUERY 1 1 1 68 68 68
UPDATE 39 29 53 606427450
QUERY 1 1 1 68 68 68
QUERY 1 1 1 68 68 68
QUERY 8 23 49 26 31 68
QUERY 1 1 1 68 68 68
QUERY 1 1 1 68 68 68
UPDATE 45 50 14 885943327
UPDATE 5 27 46 519058158
QUERY 1 1 1 68 68 68
UPDATE 65 22 5 917497374
UPDATE 2 32 56 484059454
QUERY 1 66 15 18 67 48
UPDATE 11 50 27 118904709
UPDATE 4 63 35 592138180
QUERY 1 1 1 68 68 68
UPDATE 34 34 18 686367090
UPDATE 67 21 29 837367694
UPDATE 13 61 24 65667189
QUERY 1 1 1 68 68 68
QUERY 1 1 1 68 68 68
QUERY 1 1 1 68 68 68
QUERY 1 1 1 68 68 68
QUERY 1 1 1 68 68 68
UPDATE 65 38 44 481036251
UPDATE 4 7 54 160450392
QUERY 1 1 1 68 68 68
QUERY 1 1 1 68 68 68
QUERY 1 1 1 68 68 68
UPDATE 67 58 22 475592244
QUERY 1 1 1 68 68 68
UPDATE 46 30 52 101816942
UPDATE 18 46 66 579331425
UPDATE 16 56 29 548627370
UPDATE 5 27 8 609034964
QUERY 1 1 1 68 68 68
QUERY 1 1 1 68 68 68
UPDATE 9 61 37 898511227
UPDATE 11 65 35 413623542
UPDATE 56 20 33 717936123
QUERY 1 1 1 68 68 68
QUERY 1 1 1 68 68 68
QUERY 1 1 1 68 68 68
QUERY 1 1 1 68 68 68
UPDATE 67 66 2 201925717
UPDATE 44 60 47 877379128
QUERY 1 1 1 68 68 68
UPDATE 49 9 8 691687741
QUERY 1 1 1 68 68 68
UPDATE 51 14 3 218496251
UPDATE 1 6 45 64823762
UPDATE 25 14 11 287210188
QUERY 1 1 1 68 68 68
QUERY 1 1 1 68 68 68
QUERY 1 1 1 68 68 68
UPDATE 20 68 44 809652206
QUERY 1 1 1 68 68 68
UPDATE 54 17 21 802472749
UPDATE 68 54 67 252582287
QUERY 1 1 1 68 68 68
UPDATE 64 55 49 915071839
QUERY 1 1 1 68 68 68
QUERY 1 1 1 68 68 68
QUERY 1 1 1 68 68 68
QUERY 1 1 1 68 68 68
QUERY 1 1 1 68 68 68
UPDATE 55 61 66 742325225
UPDATE 64 47 53 711085238
UPDATE 46 19 27 485340055
UPDATE 17 68 43 661038990
UPDATE 37 14 60 125347048
UPDATE 14 39 65 917487701
UPDATE 20 58 14 501612555
QUERY 1 1 1 68 68 68
QUERY 1 1 1 68 68 68
UPDATE 30 49 60 576336380
QUERY 1 1 1 68 68 68
UPDATE 13 36 48 39055287
UPDATE 42 44 55 661075652
QUERY 1 1 1 68 68 68
QUERY 23 32 28 61 53 64
QUERY 1 1 1 68 68 68
QUERY 1 1 1 68 68 68
UPDATE 29 37 56 970692282
QUERY 1 1 1 68 68 68
QUERY 1 1 1 68 68 68
UPDATE 42 30 57 644548966
QUERY 1 1 1 68 68 68
UPDATE 62 20 16 328341734
QUERY 1 1 1 68 68 68
QUERY 37 10 40 52 66 59
QUERY 1 1 1 68 68 68
QUERY 1 1 1 68 68 68
QUERY 1 1 1 68 68 68
UPDATE 33 59 6 117096697
UPDATE 66 13 34 655237109
UPDATE 54 35 5 769603023
QUERY 1 1 1 68 68 68
QUERY 1 1 1 68 68 68
QUERY 33 5 14 38 28 28
UPDATE 41 9 66 112083106
UPDATE 15 46 8 220916973
QUERY 1 1 1 68 68 68
QUERY 1 1 1 68 68 68
UPDATE 22 39 42 876370828
QUERY 1 1 1 68 68 68
UPDATE 64 46 57 884334540
UPDATE 50 30 2 769443757
UPDATE 40 14 39 371728696
UPDATE 23 30 56 933614390
QUERY 1 1 1 68 68 68
UPDATE 39 18 24 829004595
UPDATE 50 12 53 890095261
UPDATE 8 24 55 393293720
QUERY 1 1 1 68 68 68
QUERY 1 1 1 68 68 68
UPDATE 8 53 3 862916411
QUERY 1 1 1 68 68 68
QUERY 1 1 1 68 68 68
UPDATE 53 53 59 846824609
QUERY 1 1 1 68 68 68
UPDATE 63 54 59 148891784
UPDATE 37 59 57 819388173
QUERY 1 1 1 68 68 68
QUERY 1 1 1 68 68 68
QUERY 29 15 38 51 48 42
UPDATE 22 15 60 147162322
QUERY 1 1 1 68 68 68
UPDATE 35 64 6 818744899
UPDATE 41 5 10 854064405
UPDATE 4 15 27 339853799
UPDATE 17 57 48 63200141
UPDATE 48 32 60 126633422
UPDATE 19 52 40 750539835
UPDATE 5 16 21 874548213
UPDATE 63 60 28 795142906
UPDATE 50 40 67 695810658
QUERY 1 1 1 68 68 68
UPDATE 60 64 66 148261407
UPDATE 61 20 48 477237970
UPDATE 17 45 22 857770262
UPDATE 22 28 64 498692550
QUERY 23 11 6 45 52 32
UPDATE 38 10 43 758686772
UPDATE 12 31 17 244673575
QUERY 1 1 1 68 68 68
UPDATE 24 33 15 893813777
QUERY 34 31 1 41 39 5
QUERY 1 1 1 68 68 68
UPDATE 44 44 19 802676334
QUERY 45 10 28 62 12 61
UPDATE 36 16 42 766170821
UPDATE 1 32 23 481728513
UPDATE 65 68 20 408408
UPDATE 66 66 13 748193959
UPDATE 30 15 12 141198015
QUERY 1 1 1 68 68 68
UPDATE 49 68 28 50124889
QUERY 1 1 1 68 68 68
UPDATE 33 29 51 95279978
UPDATE 16 5 11 416807190
QUERY 20 18 25 58 47 33
QUERY 22 28 15 60 63 19
UPDATE 12 24 32 127876650
QUERY 1 1 1 68 68 68
UPDATE 28 63 16 642426411
QUERY 1 1 1 68 68 68
QUERY 1 1 1 68 68 68
UPDATE 14 35 50 457625202
UPDATE 22 59 4 111443916
QUERY 35 41 3 49 62 36
UPDATE 36 8 1 236550813
QUERY 1 1 1 68 68 68
QUERY 1 1 1 68 68 68
UPDATE 58 29 42 931398267
QUERY 1 1 1 68 68 68
QUERY 53 1 14 55 41 28
UPDATE 46 8 42 882129900
QUERY 1 1 1 68 68 68
QUERY 33 33 48 68 48 62
UPDATE 52 56 3 38059417
UPDATE 5 64 39 594737415
UPDATE 36 12 16 235242927
QUERY 1 1 1 68 68 68
QUERY 1 1 1 68 68 68
UPDATE 43 35 17 805180713
UPDATE 64 36 51 62445863
QUERY 1 1 1 68 68 68
UPDATE 25 8 22 48679883
QUERY 1 1 1 68 68 68
UPDATE 64 9 46 489640449
UPDATE 15 15 51 727962887
QUERY 1 1 1 68 68 68
UPDATE 54 8 21 757872400
UPDATE 28 39 41 844539152
QUERY 1 1 1 68 68 68
QUERY 1 1 1 68 68 68
UPDATE 17 17 41 544749180
UPDATE 3 22 16 264814209
UPDATE 61 7 34 194900272
UPDATE 3 58 44 925196708
UPDATE 25 67 61 280249483
QUERY 1 1 1 68 68 68
UPDATE 68 5 66 402441584
QUERY 1 1 1 68 68 68
QUERY 1 1 1 68 68 68
UPDATE 41 25 17 66666646
UPDATE 26 63 66 754397592
QUERY 1 1 1 68 68 68
QUERY 1 1 1 68 68 68
UPDATE 18 32 51 919002254
QUERY 1 1 1 68 68 68
QUERY 1 10 9 51 44 40
QUERY 38 30 46 63 36 56
QUERY 6 49 54 53 55 64
UPDATE 33 56 6 833277362
UPDATE 60 34 40 209053255
UPDATE 42 58 57 182277736
QUERY 1 1 1 68 68 68
QUERY 1 1 1 68 68 68
QUERY 1 1 1 68 68 68
QUERY 1 1 1 68 68 68
QUERY 1 1 1 68 68 68
UPDATE 49 50 2 912047093
UPDATE 47 29 26 158737081
UPDATE 42 23 26 141196339
QUERY 1 1 1 68 68 68
UPDATE 27 50 61 54687968
QUERY 1 1 1 68 68 68
QUERY 1 1 1 68 68 68
QUERY 1 1 1 68 68 68
UPDATE 40 38 53 921962095
QUERY 1 1 1 68 68 68
QUERY 1 1 1 68 68 68
UPDATE 13 40 61 884687755
QUERY 1 1 1 68 68 68
UPDATE 19 4 28 148789158
QUERY 1 1 1 68 68 68
QUERY 1 1 1 68 68 68
QUERY 1 1 1 68 68 68
UPDATE 4 10 50 47493328
QUERY 1 1 1 68 68 68
UPDATE 9 20 8 28155954
QUERY 1 1 1 68 68 68
QUERY 1 1 1 68 68 68
QUERY 21 37 13 66 64 58
QUERY 1 1 1 68 68 68
QUERY 1 1 1 68 68 68
QUERY 1 1 1 68 68 68
QUERY 1 1 1 68 68 68
QUERY 46 3 58 64 67 60
QUERY 1 1 1 68 68 68
UPDATE 46 17 19 304922461
UPDATE 24 14 57 254257432
QUERY 1 1 1 68 68 68
UPDATE 31 38 13 63954270
UPDATE 26 10 67 230401642
UPDATE 37 36 56 537033159
QUERY 1 1 1 68 68 68
UPDATE 23 19 27 713244598
QUERY 1 1 1 68 68 68
UPDATE 45 51 4 756366386
UPDATE 36 65 59 20022817
QUERY 1 1 1 68 68 68
QUERY 1 1 1 68 68 68
UPDATE 39 49 47 495309448
QUERY 1 1 1 68 68 68
UPDATE 41 10 52 120868687
UPDATE 16 19 50 616251813
QUERY 48 16 30 56 51 43
UPDATE 31 60 31 94171236
UPDATE 57 32 66 154077352
UPDATE 7 8 66 371133205
UPDATE 30 14 64 729659686
QUERY 1 1 1 68 68 68
QUERY 1 1 1 68 68 68
QUERY 1 1 1 68 68 68
QUERY 1 1 1 68 68 68
UPDATE 27 12 25 162741110
UPDATE 60 63 64 262913543
UPDATE 58 46 42 847235517
UPDATE 31 23 20 781468535
UPDATE 18 2 61 994269907
QUERY 25 34 12 63 49 39
QUERY 44 9 13 60 47 30
QUERY 1 1 1 68 68 68
QUERY 1 1 1 68 68 68
UPDATE 29 53 6 342942662
QUERY 1 1 1 68 68 68
QUERY 49 2 7 68 67 25
QUERY 1 1 1 68 68 68
UPDATE 51 38 8 950832764
UPDATE 59 1 5 969794552
QUERY 1 1 1 68 68 68
QUERY 1 1 1 68 68 68
QUERY 14 46 17 50 47 31
QUERY 6 35 13 50 49 51
UPDATE 67 65 43 324872024
QUERY 1 1 1 68 68 68
QUERY 1 1 1 68 68 68
QUERY 1 1 1 68 68 68
QUERY 1 1 1 68 68 68
QUERY 1 1 1 68 68 68
UPDATE 62 66 56 491560212
76 213
QUERY 6 51 26 62 74 73
UPDATE 14 27 35 956013096
QUERY 1 1 1 76 76 76
QUERY 1 1 1 76 76 76
QUERY 1 1 1 76 76 76
UPDATE 56 33 20 324182953
QUERY 1 1 1 76 76 76
UPDATE 43 50 20 503137348
UPDATE 58 74 8 3269822
QUERY 31 10 28 67 27 30
UPDATE 60 1 2 282184708
QUERY 1 1 1 76 76 76
QUERY 1 1 1 76 76 76
UPDATE 3 44 30 377993286
QUERY 1 1 1 76 76 76
QUERY 1 1 1 76 76 76
UPDATE 53 18 70 739203593
QUERY 38 30 21 44 38 34
QUERY 1 1 1 76 76 76
UPDATE 38 70 72 954555451
QUERY 1 1 1 76 76 76
QUERY 1 1 1 76 76 76
QUERY 1 1 1 76 76 76
UPDATE 31 51 37 346334833
UPDATE 39 37 75 423086446
UPDATE 54 13 11 47143521
UPDATE 12 9 37 955743149
QUERY 1 1 1 76 76 76
UPDATE 73 1 72 919430686
UPDATE 33 50 22 228780718
QUERY 1 1 1 76 76 76
QUERY 1 1 1 76 76 76
UPDATE 60 11 49 856603652
QUERY 1 1 1 76 76 76
QUERY 1 1 1 76 76 76
QUERY 1 1 1 76 76 76
UPDATE 44 2 71 518677760
UPDATE 2 24 12 649253301
QUERY 40 25 7 42 49 70
QUERY 1 1 1 76 76 76
UPDATE 11 60 64 353201009
UPDATE 41 12 32 752605895
UPDATE 42 41 19 43185350
QUERY 1 1 1 76 76 76
UPDATE 34 64 25 446987367
UPDATE 61 61 49 448970382
QUERY 28 21 6 56 32 43
QUERY 1 1 1 76 76 76
QUERY 1 1 1 76 76 76
UPDATE 49 32 26 654172018
UPDATE 67 53 3 765669294
QUERY 1 1 1 76 76 76
QUERY 1 1 1 76 76 76
UPDATE 35 60 13 376899915
QUERY 1 1 1 76 76 76
UPDATE 76 6 75 232992237
QUERY 1 1 1 76 76 76
QUERY 1 1 1 76 76 76
QUERY 1 1 1 76 76 76
UPDATE 18 29 42 384145755
UPDATE 30 52 72 406520166
UPDATE 6 38 4 438786019
UPDATE 66 75 36 338687365
UPDATE 44 61 7 712525893
UPDATE 50 57 65 22372707
QUERY 1 1 1 76 76 76
UPDATE 10 33 38 66423402
QUERY 1 1 1 76 76 76
QUERY 1 1 1 76 76 76
UPDATE 33 66 34 66408902
QUERY 1 1 1 76 76 76
QUERY 1 1 1 76 76 76
QUERY 1 1 1 76 76 76
QUERY 1 1 1 76 76 76
QUERY 1 1 1 76 76 76
UPDATE 46 32 70 15663455
UPDATE 60 49 20 393029325
UPDATE 14 65 10 245648155
UPDATE 62 1 73 964402814
QUERY 1 1 1 76 76 76
QUERY 1 1 1 76 76 76
QUERY 34 23 28 64 32 57
UPDATE 56 6 62 980590990
QUERY 1 1 1 76 76 76
UPDATE 25 66 43 459977226
QUERY 1 1 1 76 76 76
UPDATE 17 9 1 71038627
QUERY 28 8 3 41 49 40
UPDATE 37 50 10 323707722
UPDATE 16 76 66 672731864
UPDATE 58 20 55 246076622
UPDATE 17 20 20 203277846
QUERY 1 1 1 76 76 76
UPDATE 39 16 12 653366573
QUERY 1 1 1 76 76 76
QUERY 6 15 41 7 33 70
QUERY 1 12 44 2 32 62
QUERY 1 1 1 76 76 76
QUERY 1 1 1 76 76 76
QUERY 1 1 1 76 76 76
UPDATE 40 43 34 130937397
QUERY 1 1 1 76 76 76
UPDATE 16 67 17 378444567
UPDATE 69 7 41 903537669
QUERY 1 1 1 76 76 76
QUERY 11 16 18 72 67 55
UPDATE 75 20 42 655563699
QUERY 32 29 27 32 55 62
UPDATE 66 23 26 577463039
QUERY 1 1 1 76 76 76
UPDATE 48 23 27 521238147
QUERY 1 1 1 76 76 76
QUERY 1 1 1 76 76 76
UPDATE 23 16 24 952390083
QUERY 1 1 1 76 76 76
QUERY 1 1 1 76 76 76
UPDATE 30 39 29 900692180
UPDATE 66 9 20 68038652
QUERY 1 1 1 76 76 76
UPDATE 25 70 50 258909908
QUERY 1 1 1 76 76 76
UPDATE 76 17 76 662626303
UPDATE 58 59 60 640203956
QUERY 13 10 1 42 20 18
QUERY 65 22 32 65 37 47
QUERY 1 1 1 76 76 76
QUERY 1 1 1 76 76 76
QUERY 1 1 1 76 76 76
QUERY 1 1 1 76 76 76
QUERY 1 1 1 76 76 76
UPDATE 17 43 67 104997221
UPDATE 36 49 56 413312092
QUERY 1 1 1 76 76 76
UPDATE 44 29 48 99114799
UPDATE 25 54 10 18403046
QUERY 1 1 1 76 76 76
UPDATE 1 64 39 316100738
QUERY 1 1 1 76 76 76
UPDATE 41 14 25 723243047
UPDATE 30 59 1 274340310
UPDATE 4 37 48 149246037
UPDATE 3 13 25 776407904
QUERY 1 1 1 76 76 76
QUERY 1 1 1 76 76 76
UPDATE 52 17 42 787189270
UPDATE 6 63 43 237450270
QUERY 1 1 1 76 76 76
UPDATE 16 44 16 868413116
QUERY 1 1 1 76 76 76
QUERY 1 1 1 76 76 76
QUERY 1 1 1 76 76 76
UPDATE 56 52 70 994032105
UPDATE 62 29 19 915603825
UPDATE 4 67 6 764017071
QUERY 1 1 1 76 76 76
UPDATE 67 68 24 851376385
QUERY 1 1 1 76 76 76
UPDATE 59 70 14 379541842
QUERY 1 1 1 76 76 76
UPDATE 68 54 8 456743736
QUERY 1 1 1 76 76 76
UPDATE 3 17 43 981923330
UPDATE 70 47 1 615956301
UPDATE 35 65 45 826195538
QUERY 1 1 1 76 76 76
UPDATE 6 47 72 650746767
UPDATE 62 8 9 664625931
QUERY 57 14 5 57 36 56
UPDATE 2 74 22 810206039
QUERY 1 1 1 76 76 76
UPDATE 39 67 27 346435913
QUERY 56 12 16 61 74 59
QUERY 1 1 1 76 76 76
QUERY 1 1 1 76 76 76
UPDATE 64 65 54 129808793
UPDATE 63 5 70 852755628
QUERY 1 1 1 76 76 76
QUERY 1 1 1 76 76 76
QUERY 1 1 1 76 76 76
QUERY 1 1 1 76 76 76
QUERY 5 52 28 62 54 29
UPDATE 71 20 29 4497406
UPDATE 33 34 36 224368290
QUERY 1 1 1 76 76 76
QUERY 54 1 2 76 19 57
QUERY 1 1 1 76 76 76
UPDATE 46 2 44 588933749
QUERY 1 1 1 76 76 76
QUERY 25 26 11 45 67 12
QUERY 51 14 71 55 30 74
UPDATE 63 17 76 177378304
QUERY 49 22 27 49 35 69
UPDATE 47 19 46 27068075
UPDATE 70 23 63 44371410
QUERY 1 1 1 76 76 76
QUERY 1 1 1 76 76 76
UPDATE 51 4 33 519618942
QUERY 1 1 1 76 76 76
UPDATE 68 6 64 514164088
QUERY 53 19 39 56 29 66
UPDATE 14 45 17 95594006
QUERY 1 1 1 76 76 76
QUERY 45 56 9 61 64 11
UPDATE 9 76 54 955144720
UPDATE 24 22 52 724901589
QUERY 1 1 1 76 76 76
QUERY 1 1 1 76 76 76
UPDATE 60 20 74 24505124
UPDATE 14 59 27 463690351
QUERY 1 1 1 76 76 76
UPDATE 46 11 46 454771201
QUERY 1 1 1 76 76 76
QUERY 1 1 1 76 76 76
100 280
UPDATE 22 1 16 451150034
QUERY 1 1 1 100 100 100
UPDATE 39 64 71 345006667
UPDATE 90 27 92 598158868
UPDATE 15 37 24 369988031
UPDATE 55 55 22 210337344
QUERY 1 1 1 100 100 100
QUERY 1 1 1 100 100 100
QUERY 1 1 1 100 100 100
QUERY 1 1 1 100 100 100
QUERY 17 3 5 44 74 89
UPDATE 80 48 76 496990290
UPDATE 70 95 7 769468179
UPDATE 62 37 72 890286039
QUERY 1 1 1 100 100 100
UPDATE 9 32 54 850034661
UPDATE 77 43 16 97838884
UPDATE 47 26 74 18999023
QUERY 1 1 1 100 100 100
UPDATE 60 96 53 24500967
UPDATE 7 91 46 964273107
QUERY 18 65 14 82 95 79
QUERY 1 1 1 100 100 100
QUERY 71 71 21 91 79 21
QUERY 1 1 1 100 100 100
QUERY 1 1 1 100 100 100
QUERY 1 1 1 100 100 100
QUERY 1 1 1 100 100 100
QUERY 8 5 39 30 8 59
UPDATE 32 86 81 874550080
QUERY 1 1 1 100 100 100
QUERY 1 1 1 100 100 100
UPDATE 20 12 53 331558465
QUERY 1 1 1 100 100 100
UPDATE 77 1 89 495246031
UPDATE 35 91 16 402397071
QUERY 1 1 1 100 100 100
UPDATE 31 43 32 764796955
QUERY 1 1 1 100 100 100
QUERY 1 1 1 100 100 100
UPDATE 62 97 12 26273637
QUERY 1 1 1 100 100 100
QUERY 1 1 1 100 100 100
QUERY 1 1 1 100 100 100
UPDATE 77 20 24 202155840
QUERY 1 1 1 100 100 100
UPDATE 32 32 10 34745936
QUERY 1 1 1 100 100 100
UPDATE 97 93 46 371732764
UPDATE 66 54 2 309321595
UPDATE 90 15 81 374552433
QUERY 1 1 1 100 100 100
UPDATE 7 51 21 122296831
QUERY 1 1 1 100 100 100
QUERY 1 1 1 100 100 100
UPDATE 65 35 6 915329023
UPDATE 7 39 12 685174246
QUERY 1 1 1 100 100 100
QUERY 1 1 1 100 100 100
UPDATE 29 78 40 642187399
UPDATE 46 42 94 886147049
QUERY 1 1 1 100 100 100
UPDATE 11 29 16 462692813
QUERY 1 1 1 100 100 100
UPDATE 98 74 56 991958439
QUERY 27 45 67 54 100 92
QUERY 1 1 1 100 100 100
QUERY 1 1 1 100 100 100
QUERY 1 1 1 100 100 100
QUERY 1 1 1 100 100 100
UPDATE 23 57 39 281793546
UPDATE 66 84 3 934516698
UPDATE 30 25 3 93074427
UPDATE 100 34 57 629252536
UPDATE 87 40 59 399065796
UPDATE 65 42 52 199238187
QUERY 1 1 1 100 100 100
UPDATE 85 55 84 41350241
QUERY 1 1 1 100 100 100
UPDATE 42 74 68 59450670
UPDATE 72 3 78 353713018
QUERY 17 7 31 26 73 48
QUERY 1 1 1 100 100 100
QUERY 2 21 27 59 22 68
QUERY 1 1 1 100 100 100
UPDATE 9 48 19 583619538
UPDATE 82 12 39 61641244
UPDATE 94 1 37 216612150
UPDATE 50 80 24 600756668
QUERY 1 1 1 100 100 100
QUERY 1 1 1 100 100 100
UPDATE 18 36 63 517638139
QUERY 1 1 1 100 100 100
QUERY 1 1 1 100 100 100
QUERY 1 1 1 100 100 100
QUERY 38 51 82 98 95 88
QUERY 1 1 1 100 100 100
QUERY 1 1 1 100 100 100
UPDATE 97 6 52 126507876
QUERY 1 1 1 100 100 100
UPDATE 97 5 59 410193601
UPDATE 24 78 56 307644913
UPDATE 45 65 38 750384641
QUERY 1 1 1 100 100 100
QUERY 18 70 33 85 77 60
QUERY 1 1 1 100 100 100
UPDATE 63 36 98 148029235
UPDATE 94 56 11 146100689
UPDATE 23 4 55 616076425
QUERY 1 1 1 100 100 100
UPDATE 29 65 89 872145079
QUERY 1 1 1 100 100 100
UPDATE 34 58 28 964900099
UPDATE 88 44 60 149178211
QUERY 1 1 1 100 100 100
UPDATE 11 96 94 90142541
QUERY 1 1 1 100 100 100
UPDATE 7 74 66 36995289
UPDATE 24 91 37 593719026
UPDATE 50 33 82 488706726
UPDATE 92 24 17 563228837
UPDATE 53 39 83 441534
QUERY 1 1 1 100 100 100
UPDATE 50 37 73 360476701
QUERY 1 1 1 100 100 100
UPDATE 25 100 29 665939491
UPDATE 95 29 30 678401570
UPDATE 4 19 18 654935990
UPDATE 54 78 55 159137314
UPDATE 97 76 63 319916911
QUERY 1 1 1 100 100 100
UPDATE 9 11 69 301622350
QUERY 1 1 1 100 100 100
QUERY 1 1 1 100 100 100
UPDATE 77 39 39 4567748
QUERY 1 1 1 100 100 100
UPDATE 92 30 49 379727494
QUERY 1 1 1 100 100 100
QUERY 1 1 1 100 100 100
QUERY 48 16 45 60 98 64
QUERY 1 1 1 100 100 100
UPDATE 54 2 33 110202571
UPDATE 50 47 34 545238298
UPDATE 34 1 82 362800807
QUERY 1 1 1 100 100 100
UPDATE 28 52 86 954500065
UPDATE 17 83 11 588678236
UPDATE 78 19 35 998358522
UPDATE 6 9 24 268447457
UPDATE 46 93 40 120714540
QUERY 1 1 1 100 100 100
QUERY 1 1 1 100 100 100
QUERY 1 1 1 100 100 100
UPDATE 40 27 58 939238485
UPDATE 22 100 46 985651726
QUERY 21 17 31 27 39 64
UPDATE 3 74 38 925891398
QUERY 1 1 1 100 100 100
UPDATE 53 80 47 134465632
UPDATE 33 60 36 240217134
QUERY 1 1 1 100 100 100
UPDATE 83 93 67 533834413
QUERY 1 1 1 100 100 100
UPDATE 49 46 72 18274006
UPDATE 25 13 20 226006817
UPDATE 42 51 55 136894341
QUERY 1 1 1 100 100 100
UPDATE 31 58 80 552742915
UPDATE 40 26 97 506524159
UPDATE 43 58 39 874650898
UPDATE 99 90 78 85259880
UPDATE 9 48 56 567003910
UPDATE 75 13 31 310885732
UPDATE 82 26 50 263794156
QUERY 1 1 1 100 100 100
QUERY 5 10 16 24 71 97
UPDATE 8 65 36 412822317
QUERY 14 32 13 91 70 37
QUERY 1 1 1 100 100 100
UPDATE 29 55 29 566579998
QUERY 1 1 1 100 100 100
UPDATE 97 95 57 369830534
QUERY 54 36 1 57 100 56
UPDATE 29 88 25 175138198
QUERY 1 1 1 100 100 100
QUERY 1 1 1 100 100 100
UPDATE 18 54 50 882475712
QUERY 1 1 1 100 100 100
QUERY 1 1 1 100 100 100
QUERY 1 1 1 100 100 100
UPDATE 2 95 30 826577184
UPDATE 83 6 71 514922560
UPDATE 63 59 81 658720557
QUERY 1 1 1 100 100 100
UPDATE 21 94 14 198301275
QUERY 1 1 1 100 100 100
QUERY 1 1 1 100 100 100
QUERY 1 1 1 100 100 100
UPDATE 67 68 35 5220757
QUERY 1 1 1 100 100 100
QUERY 28 11 40 31 45 94
QUERY 1 1 1 100 100 100
QUERY 1 1 1 100 100 100
UPDATE 13 84 27 822650031
UPDATE 29 3 80 685934843
UPDATE 28 60 9 636445334
UPDATE 14 42 77 656170647
QUERY 1 1 1 100 100 100
QUERY 1 1 1 100 100 100
QUERY 1 1 1 100 100 100
UPDATE 83 98 34 145340799
UPDATE 51 53 63 698328440
UPDATE 59 45 60 423739303
UPDATE 38 36 86 808756991
UPDATE 89 68 75 526171775
UPDATE 39 5 13 85222696
UPDATE 98 60 61 294367535
QUERY 1 1 1 100 100 100
QUERY 1 1 1 100 100 100
UPDATE 64 90 85 714319840
QUERY 77 81 28 86 86 56
QUERY 1 1 1 100 100 100
UPDATE 50 85 19 313653992
QUERY 1 1 1 100 100 100
UPDATE 17 84 67 976139977
QUERY 1 1 1 100 100 100
QUERY 1 1 1 100 100 100
UPDATE 5 13 65 84621428
QUERY 1 1 1 100 100 100
UPDATE 39 97 60 222992603
QUERY 1 1 1 100 100 100
QUERY 1 1 1 100 100 100
UPDATE 87 2 7 804530667
UPDATE 36 1 75 870372050
QUERY 1 1 1 100 100 100
UPDATE 78 42 59 757608647
QUERY 1 1 1 100 100 100
QUERY 1 1 1 100 100 100
QUERY 29 29 86 30 65 94
UPDATE 47 30 67 553030755
UPDATE 86 28 71 56184262
QUERY 1 1 1 100 100 100
QUERY 1 1 1 100 100 100
UPDATE 16 100 74 69240571
QUERY 1 1 1 100 100 100
QUERY 1 1 1 100 100 100
UPDATE 78 88 68 129114847
QUERY 1 1 1 100 100 100
UPDATE 78 66 95 334931937
QUERY 1 1 1 100 100 100
UPDATE 77 91 36 726595421
UPDATE 92 85 24 348970485
QUERY 1 1 1 100 100 100
UPDATE 25 8 9 525531491
QUERY 1 1 1 100 100 100
UPDATE 2 89 99 234990117
QUERY 1 1 1 100 100 100
QUERY 1 1 1 100 100 100
UPDATE 56 72 49 496517585
QUERY 12 46 38 39 57 43
QUERY 1 1 1 100 100 100
UPDATE 39 21 18 995857220
UPDATE 49 56 46 53773547
QUERY 8 51 41 46 85 98
UPDATE 68 63 33 790602012
UPDATE 73 7 94 510911871
UPDATE 81 68 60 158382448
UPDATE 81 65 75 591710227
UPDATE 86 60 36 120248276
UPDATE 29 42 12 358142728
UPDATE 43 14 98 446649037
QUERY 1 1 1 100 100 100
UPDATE 2 31 5 174468877
QUERY 1 1 1 100 100 100
QUERY 51 20 63 79 32 75
UPDATE 100 58 10 44166803
UPDATE 71 49 48 68304429
UPDATE 11 88 38 21524403
QUERY 1 1 1 100 100 100
QUERY 1 1 1 100 100 100
7 497
UPDATE 7 2 4 624539956
QUERY 1 1 1 7 7 7
QUERY 1 1 1 7 7 7
UPDATE 7 5 7 953249765
UPDATE 7 1 5 590598243
UPDATE 1 4 6 737856072
QUERY 1 1 1 7 7 7
QUERY 1 1 1 7 7 7
QUERY 2 2 2 3 2 3
QUERY 1 1 1 7 7 7
UPDATE 5 7 4 522520841
QUERY 1 1 1 7 7 7
UPDATE 3 2 3 612054244
QUERY 4 1 5 4 7 5
QUERY 3 4 3 7 7 5
UPDATE 5 4 6 337153132
UPDATE 1 7 4 284905900
UPDATE 3 3 3 570001737
QUERY 2 4 3 2 6 6
QUERY 1 1 1 7 7 7
UPDATE 6 7 5 819856461
UPDATE 1 1 5 721182063
UPDATE 2 5 2 691977026
QUERY 1 1 1 7 7 7
QUERY 1 1 1 7 7 7
QUERY 2 1 2 6 5 3
QUERY 1 1 1 7 7 7
QUERY 1 1 1 7 7 7
QUERY 1 1 1 7 7 7
UPDATE 3 1 6 264242558
QUERY 1 1 1 7 7 7
QUERY 1 1 1 7 7 7
UPDATE 3 7 4 583827826
UPDATE 1 2 4 847272155
QUERY 1 1 1 7 7 7
QUERY 4 3 2 7 4 5
QUERY 1 1 1 7 7 7
QUERY 1 1 1 7 7 7
UPDATE 2 2 6 152724285
QUERY 1 1 1 7 7 7
QUERY 1 1 1 7 7 7
UPDATE 3 1 5 737864849
UPDATE 5 4 1 397880171
QUERY 2 1 1 7 7 1
UPDATE 4 2 6 13447934
UPDATE 4 3 5 387448774
QUERY 1 1 1 7 7 7
UPDATE 2 4 4 503425858
QUERY 1 1 1 7 7 7
UPDATE 3 1 3 152980058
UPDATE 1 4 1 627027940
UPDATE 4 1 7 803252079
UPDATE 7 1 2 159797493
UPDATE 4 2 6 913408894
UPDATE 2 7 2 65697630
QUERY 1 1 1 7 7 7
UPDATE 3 2 4 119731381
QUERY 1 1 1 7 7 7
UPDATE 7 4 3 455795412
UPDATE 5 3 4 908148107
QUERY 1 4 2 7 7 2
QUERY 1 1 1 7 7 7
UPDATE 1 3 5 991083436
QUERY 1 1 1 7 7 7
UPDATE 5 1 2 906178982
QUERY 1 1 1 7 7 7
UPDATE 4 4 5 951687723
UPDATE 7 5 1 132688157
UPDATE 1 4 1 808615416
QUERY 1 1 1 7 7 7
UPDATE 6 1 7 301936127
QUERY 1 1 1 7 7 7
UPDATE 7 5 3 537150729
UPDATE 6 4 2 806234061
QUERY 1 1 1 7 7 7
QUERY 1 1 1 7 7 7
UPDATE 2 3 2 298385839
QUERY 1 1 1 7 7 7
UPDATE 1 5 6 260717847
UPDATE 1 3 4 78912602
UPDATE 7 3 1 808989818
UPDATE 3 5 3 924349050
QUERY 1 1 1 7 7 7
UPDATE 3 4 2 562396484
UPDATE 4 7 5 238364733
QUERY 1 1 1 7 7 7
QUERY 1 1 1 7 7 7
UPDATE 2 3 3 354632225
QUERY 1 1 1 7 7 7
QUERY 1 1 1 7 7 7
UPDATE 2 3 4 793739902
QUERY 5 3 2 5 7 7
QUERY 1 1 1 7 7 7
QUERY 1 1 1 7 7 7
QUERY 6 2 7 7 5 7
UPDATE 3 4 7 527260343
UPDATE 5 5 2 723922698
UPDATE 2 7 7 961563275
QUERY 1 3 2 2 7 3
UPDATE 7 5 1 642989281
UPDATE 2 3 2 984289896
UPDATE 3 7 7 250827318
UPDATE 6 1 2 597781421
UPDATE 2 6 3 520745198
UPDATE 4 7 7 146999080
QUERY 1 1 1 7 7 7
QUERY 1 1 1 7 7 7
UPDATE 6 6 5 195895605
QUERY 6 1 6 7 4 6
UPDATE 7 1 2 733014482
QUERY 1 1 1 7 7 7
QUERY 1 1 1 7 7 7
QUERY 1 1 1 7 7 7
UPDATE 5 1 7 722447693
UPDATE 2 3 3 233525223
UPDATE 6 3 1 721425615
UPDATE 2 6 4 936869593
UPDATE 4 1 6 623291176
QUERY 1 1 1 7 7 7
UPDATE 3 6 2 779032016
QUERY 1 1 1 7 7 7
QUERY 1 1 1 7 7 7
QUERY 1 1 1 7 7 7
UPDATE 6 7 6 51432922
QUERY 1 1 1 7 7 7
UPDATE 4 1 3 321613033
QUERY 1 1 1 7 7 7
UPDATE 2 3 5 19679108
QUERY 1 1 1 7 7 7
QUERY 1 1 1 7 7 7
UPDATE 7 5 7 340765057
QUERY 5 4 6 5 5 7
UPDATE 3 3 1 801907898
QUERY 1 1 1 7 7 7
UPDATE 7 2 1 76417074
QUERY 1 1 1 7 7 7
UPDATE 1 5 1 982838366
QUERY 1 1 1 7 7 7
UPDATE 1 6 2 70235794
QUERY 1 1 1 7 7 7
QUERY 1 1 1 7 7 7
QUERY 1 1 1 7 7 7
QUERY 1 1 1 7 7 7
UPDATE 2 5 1 467742888
QUERY 1 1 1 7 7 7
QUERY 1 1 1 7 7 7
UPDATE 1 4 5 207145665
QUERY 1 1 1 7 7 7
QUERY 3 1 3 3 4 5
UPDATE 1 1 7 972009019
QUERY 1 1 1 7 7 7
QUERY 1 6 2 6 6 4
UPDATE 4 3 3 626403982
QUERY 5 2 6 6 7 7
UPDATE 4 5 6 763426635
QUERY 1 1 1 7 7 7
QUERY 1 1 1 7 7 7
UPDATE 4 2 5 607378395
QUERY 1 1 1 7 7 7
QUERY 1 1 1 7 7 7
QUERY 1 1 1 7 7 7
QUERY 1 1 1 7 7 7
UPDATE 5 6 4 800665580
QUERY 1 1 1 7 7 7
QUERY 3 5 1 6 7 6
QUERY 1 1 1 7 7 7
UPDATE 7 2 7 340777344
UPDATE 1 4 3 176188993
QUERY 1 2 3 5 4 3
QUERY 3 4 1 3 6 7
QUERY 1 1 1 7 7 7
UPDATE 2 5 1 773471133
QUERY 1 1 1 7 7 7
UPDATE 7 4 7 450601496
QUERY 1 1 1 7 7 7
QUERY 1 1 1 7 7 7
QUERY 3 1 1 6 3 1
QUERY 1 1 1 7 7 7
QUERY 1 1 1 7 7 7
UPDATE 6 7 5 347645083
QUERY 1 1 1 7 7 7
UPDATE 3 3 2 281821998
QUERY 1 1 1 7 7 7
QUERY 1 1 1 7 7 7
UPDATE 1 4 3 35876662
QUERY 1 1 1 7 7 7
UPDATE 1 1 1 22219153
UPDATE 3 3 6 257967473
QUERY 1 1 1 7 7 7
UPDATE 6 3 7 151674384
UPDATE 6 6 6 180842246
UPDATE 4 3 5 474596313
UPDATE 3 7 4 209057288
QUERY 1 1 1 7 7 7
QUERY 3 3 2 7 6 7
QUERY 1 1 1 7 7 7
UPDATE 4 4 6 774841988
QUERY 1 1 1 7 7 7
UPDATE 4 4 5 865757872
QUERY 2 3 7 6 3 7
UPDATE 2 7 3 353056982
UPDATE 1 1 5 776073050
UPDATE 1 7 1 886642282
UPDATE 5 3 1 215756448
QUERY 1 1 1 7 7 7
UPDATE 2 6 3 437481617
UPDATE 2 6 2 975401287
UPDATE 2 1 6 978036268
QUERY 1 1 1 7 7 7
QUERY 1 1 1 7 7 7
QUERY 1 1 1 7 7 7
QUERY 5 4 6 5 4 6
UPDATE 2 1 7 273373776
UPDATE 2 2 6 788042964
UPDATE 4 6 7 654009150
QUERY 1 1 1 7 7 7
QUERY 1 1 1 7 7 7
QUERY 1 1 1 7 7 7
UPDATE 1 4 7 282059704
UPDATE 4 2 5 612836377
UPDATE 6 3 6 202532089
QUERY 1 1 1 7 7 7
UPDATE 4 7 7 858581613
QUERY 1 1 1 7 7 7
QUERY 1 1 1 7 7 7
QUERY 1 1 1 7 7 7
UPDATE 5 2 5 213151684
QUERY 1 1 1 7 7 7
QUERY 1 1 1 7 7 7
QUERY 1 1 1 7 7 7
UPDATE 6 6 7 345736558
UPDATE 4 1 5 885602770
UPDATE 2 5 1 352128534
QUERY 1 1 1 7 7 7
QUERY 1 1 1 7 7 7
UPDATE 5 1 5 518281417
UPDATE 5 7 1 583027184
UPDATE 1 4 2 219868827
QUERY 1 1 1 7 7 7
QUERY 1 1 1 7 7 7
QUERY 1 1 1 7 7 7
QUERY 1 1 1 7 7 7
QUERY 6 7 1 7 7 2
QUERY 1 1 1 7 7 7
UPDATE 6 2 5 504278995
QUERY 1 1 1 7 7 7
UPDATE 2 4 6 180357331
QUERY 1 1 1 7 7 7
UPDATE 3 3 3 100920775
UPDATE 3 2 6 684152971
UPDATE 5 7 4 702222694
UPDATE 4 6 1 568760552
UPDATE 7 6 6 966860785
QUERY 1 1 1 7 7 7
UPDATE 7 1 5 127651903
QUERY 1 1 1 7 7 7
UPDATE 2 5 3 111036923
QUERY 1 1 1 7 7 7
UPDATE 3 5 5 808910147
UPDATE 4 4 1 712667582
UPDATE 3 4 1 836851374
UPDATE 2 3 2 134705716
QUERY 1 1 1 7 7 7
UPDATE 1 1 6 823142204
QUERY 1 1 1 7 7 7
QUERY 1 1 1 7 7 7
UPDATE 2 2 5 944957079
QUERY 1 1 1 7 7 7
QUERY 2 4 2 2 7 5
QUERY 1 1 1 7 7 7
UPDATE 4 1 7 798553866
UPDATE 4 4 3 244013341
QUERY 1 1 1 7 7 7
UPDATE 3 6 5 973664632
QUERY 1 1 1 7 7 7
QUERY 1 1 1 7 7 7
QUERY 1 4 3 4 7 7
QUERY 1 3 6 5 5 6
QUERY 1 1 1 7 7 7
UPDATE 6 1 3 231399940
UPDATE 2 3 5 393657232
QUERY 1 1 1 7 7 7
QUERY 3 3 5 4 5 5
QUERY 1 1 1 7 7 7
UPDATE 7 5 3 576399814
UPDATE 6 4 2 65530089
QUERY 1 1 1 7 7 7
QUERY 1 1 1 7 7 7
QUERY 1 1 1 7 7 7
QUERY 1 1 1 7 7 7
QUERY 1 1 1 7 7 7
QUERY 1 2 2 5 5 2
QUERY 1 1 1 7 7 7
QUERY 1 1 1 7 7 7
QUERY 1 1 1 7 7 7
QUERY 1 1 1 7 7 7
UPDATE 3 2 2 447312031
UPDATE 3 6 5 36714665
QUERY 1 1 1 7 7 7
QUERY 1 1 1 7 7 7
UPDATE 3 4 6 57980421
QUERY 1 1 6 4 1 7
UPDATE 7 7 7 230274511
UPDATE 7 6 2 154421625
UPDATE 1 5 5 176709296
UPDATE 2 1 7 862165760
UPDATE 5 5 2 199868971
UPDATE 2 7 4 10586258
UPDATE 3 6 1 544453498
UPDATE 2 3 6 61959198
QUERY 1 1 1 7 7 7
QUERY 1 1 1 7 7 7
UPDATE 1 1 1 114549626
QUERY 1 1 1 7 7 7
UPDATE 1 6 3 564436587
QUERY 1 1 1 7 7 7
UPDATE 2 7 3 120216721
QUERY 1 1 1 7 7 7
UPDATE 2 7 3 879223305
QUERY 1 1 1 2 3 5
QUERY 1 1 1 7 7 7
UPDATE 5 2 5 66345324
UPDATE 1 7 6 847965076
QUERY 5 1 1 6 5 7
QUERY 1 1 1 7 7 7
UPDATE 7 2 7 551161803
QUERY 1 1 1 7 7 7
QUERY 1 1 1 7 7 7
UPDATE 2 7 7 901532384
UPDATE 5 4 7 420102821
UPDATE 1 5 2 686629898
QUERY 1 1 1 7 7 7
UPDATE 3 3 6 108534172
UPDATE 5 5 1 844876824
QUERY 1 3 5 1 7 6
QUERY 6 1 2 6 1 6
UPDATE 6 1 5 766849988
QUERY 5 3 1 7 5 2
UPDATE 3 5 3 436117269
QUERY 3 4 4 3 7 4
UPDATE 2 2 6 56570086
QUERY 1 1 1 7 7 7
UPDATE 6 1 5 807661356
UPDATE 5 1 3 860467757
UPDATE 5 3 7 673181247
UPDATE 7 4 5 404536660
QUERY 1 1 1 7 7 7
UPDATE 6 7 2 586063462
QUERY 3 4 1 7 5 5
UPDATE 7 2 4 972195224
UPDATE 5 1 5 274779673
UPDATE 3 2 2 603935161
UPDATE 4 3 5 648633781
UPDATE 6 6 2 278998261
QUERY 1 1 1 7 7 7
QUERY 1 1 1 7 7 7
QUERY 1 1 1 7 7 7
QUERY 1 1 1 7 7 7
QUERY 1 1 1 7 7 7
QUERY 3 5 1 6 6 2
UPDATE 4 5 4 89460574
QUERY 3 2 5 4 3 7
UPDATE 2 6 7 294045617
QUERY 5 1 2 5 3 2
UPDATE 4 1 2 872090886
UPDATE 1 6 6 228816536
QUERY 1 1 1 7 7 7
UPDATE 6 5 5 582186775
UPDATE 3 4 3 401191531
QUERY 1 3 2 3 3 5
UPDATE 4 2 7 152410152
QUERY 1 1 1 7 7 7
UPDATE 6 1 3 422190475
UPDATE 6 2 7 944142720
UPDATE 7 3 1 411350324
UPDATE 3 3 2 296889509
QUERY 1 1 1 7 7 7
UPDATE 5 2 5 634659212
UPDATE 4 3 2 161972315
QUERY 1 1 1 7 7 7
QUERY 1 1 1 7 7 7
UPDATE 1 3 2 547015583
QUERY 1 1 1 7 7 7
QUERY 1 1 1 7 7 7
UPDATE 2 7 5 8897744
UPDATE 5 1 6 52440298
QUERY 2 2 1 4 3 2
UPDATE 3 4 5 123737091
UPDATE 7 6 2 180380295
UPDATE 1 7 2 853087994
QUERY 1 3 1 3 7 2
UPDATE 4 3 6 87229320
QUERY 3 3 2 7 5 5
UPDATE 4 4 2 152518806
UPDATE 1 2 3 988618346
UPDATE 7 3 5 999819586
QUERY 1 1 1 7 7 7
QUERY 1 1 1 7 7 7
UPDATE 4 6 4 8070561
QUERY 2 1 1 2 1 5
QUERY 1 1 1 7 7 7
QUERY 1 1 2 5 4 2
QUERY 1 1 1 7 7 7
UPDATE 7 3 1 752068876
UPDATE 2 6 7 880887601
UPDATE 1 5 5 407467639
QUERY 1 1 1 7 7 7
UPDATE 6 7 2 50466720
QUERY 1 1 1 7 7 7
UPDATE 3 3 7 787126289
UPDATE 3 4 5 41578364
UPDATE 6 7 7 152268451
UPDATE 7 5 5 851411717
QUERY 1 1 1 7 7 7
UPDATE 2 6 1 648470095
QUERY 1 1 1 7 7 7
QUERY 1 5 5 6 6 6
UPDATE 1 5 3 460450760
UPDATE 1 4 7 793567687
UPDATE 3 2 2 649731902
UPDATE 6 4 3 46026970
QUERY 1 1 1 7 7 7
QUERY 1 1 1 7 7 7
QUERY 1 1 1 7 7 7
UPDATE 3 5 7 692152510
UPDATE 3 3 6 332725840
QUERY 1 1 1 7 7 7
QUERY 1 1 1 7 7 7
UPDATE 4 4 7 641418916
UPDATE 1 4 5 935372879
UPDATE 4 2 7 230352956
QUERY 1 1 1 7 7 7
UPDATE 2 3 2 133986624
QUERY 1 1 1 7 7 7
QUERY 1 1 1 7 7 7
QUERY 1 1 1 7 7 7
UPDATE 5 5 4 619568323
UPDATE 1 7 3 788425549
UPDATE 3 1 4 124708837
UPDATE 3 4 4 222722456
UPDATE 6 2 4 10614225
QUERY 1 1 1 7 7 7
QUERY 1 1 1 7 7 7
UPDATE 2 7 7 592172364
QUERY 1 1 1 7 7 7
UPDATE 2 7 7 713995625
UPDATE 3 6 1 145587292
UPDATE 7 3 4 775582627
QUERY 1 1 1 7 7 7
QUERY 1 1 1 7 7 7
QUERY 4 6 3 6 7 6
UPDATE 2 7 6 992237467
QUERY 3 2 5 3 3 7
UPDATE 4 6 3 652142252
UPDATE 5 1 1 142739185
QUERY 1 1 1 7 7 7
QUERY 1 1 1 7 7 7
QUERY 1 1 1 7 7 7
QUERY 1 1 1 7 7 7
QUERY 1 1 1 7 7 7
QUERY 1 1 1 7 7 7
QUERY 1 1 1 7 7 7
QUERY 1 1 1 7 7 7
QUERY 1 1 1 7 7 7
QUERY 1 1 1 7 7 7
UPDATE 4 6 2 986909068
UPDATE 6 5 6 579213641
QUERY 1 6 3 3 7 4
UPDATE 7 1 7 38371093
UPDATE 1 2 5 344893084
UPDATE 6 3 2 98977236
UPDATE 5 1 5 890670439
UPDATE 5 2 5 495454507
QUERY 4 4 6 5 7 7
QUERY 1 1 1 7 7 7
QUERY 1 1 1 7 7 7
UPDATE 1 1 5 632819313
QUERY 1 1 1 7 7 7
UPDATE 7 1 7 778536178
UPDATE 2 6 7 671792044
QUERY 1 1 1 7 7 7
QUERY 1 1 1 7 7 7
QUERY 1 1 1 7 7 7
UPDATE 1 7 2 821046454
UPDATE 6 7 4 181758023
UPDATE 5 3 4 699105197
QUERY 1 1 1 7 7 7
QUERY 2 1 2 4 6 6
UPDATE 2 2 1 777485622
UPDATE 5 7 7 800563172
UPDATE 4 2 7 117471597
QUERY 1 1 1 7 7 7
QUERY 1 3 2 2 7 6
UPDATE 3 5 5 479443430
QUERY 1 1 1 7 7 7
QUERY 1 1 1 7 7 7
UPDATE 2 7 1 498927142
38 445
UPDATE 37 6 5 846983073
QUERY 1 1 1 38 38 38
QUERY 1 1 1 38 38 38
UPDATE 30 22 15 36481378
UPDATE 6 10 17 829397500
UPDATE 29 8 7 699861342
UPDATE 16 18 27 345922203
QUERY 1 1 1 38 38 38
QUERY 1 1 1 38 38 38
QUERY 1 1 1 38 38 38
UPDATE 4 28 12 995840064
QUERY 1 1 1 38 38 38
UPDATE 28 20 5 21321308
UPDATE 12 37 19 398384897
QUERY 1 1 1 38 38 38
QUERY 1 1 1 38 38 38
QUERY 1 1 1 38 38 38
QUERY 1 1 1 38 38 38
UPDATE 29 22 27 827596138
UPDATE 12 17 6 290426464
QUERY 4 10 15 18 22 30
UPDATE 21 22 28 70775561
UPDATE 15 30 3 7048752
UPDATE 28 15 29 49949114
UPDATE 19 33 38 647045298
QUERY 1 1 1 38 38 38
UPDATE 34 38 26 1213102
UPDATE 33 17 16 2661113
UPDATE 4 13 4 764053899
UPDATE 34 16 22 894203136
QUERY 21 7 30 22 15 38
UPDATE 3 26 34 157472057
UPDATE 36 14 34 669672066
UPDATE 5 28 34 119757649
UPDATE 4 29 30 376632948
QUERY 1 1 1 38 38 38
QUERY 1 1 1 38 38 38
QUERY 23 19 1 27 25 13
QUERY 1 1 1 38 38 38
UPDATE 21 27 38 83631036
QUERY 2 12 22 24 21 30
QUERY 1 1 1 38 38 38
UPDATE 13 15 13 816753198
QUERY 26 18 22 32 36 38
UPDATE 17 5 9 842670263
QUERY 1 1 1 38 38 38
UPDATE 4 9 36 231724826
UPDATE 4 4 23 832870615
UPDATE 22 21 36 450248078
QUERY 6 17 7 25 17 17
QUERY 1 31 31 25 31 34
QUERY 1 1 1 38 38 38
UPDATE 20 3 14 316932413
UPDATE 16 14 14 258519808
UPDATE 4 31 17 985315139
QUERY 6 20 9 26 23 18
QUERY 1 1 1 38 38 38
QUERY 1 1 1 38 38 38
QUERY 1 1 1 38 38 38
QUERY 1 1 1 38 38 38
QUERY 1 1 1 38 38 38
QUERY 8 16 31 24 31 31
UPDATE 1 25 21 432111784
QUERY 1 1 1 38 38 38
UPDATE 5 34 4 323093623
QUERY 1 17 16 8 34 34
QUERY 1 1 1 38 38 38
QUERY 1 1 1 38 38 38
UPDATE 5 11 34 187577823
UPDATE 1 25 12 201514644
UPDATE 11 4 10 275918781
QUERY 16 10 21 20 24 38
UPDATE 18 32 37 320277478
QUERY 1 1 1 38 38 38
QUERY 1 1 1 38 38 38
QUERY 1 1 1 38 38 38
QUERY 1 1 1 38 38 38
QUERY 1 1 1 38 38 38
UPDATE 1 21 5 106650748
UPDATE 4 4 18 438601787
UPDATE 28 18 24 824699596
QUERY 1 1 1 38 38 38
UPDATE 8 9 4 941648517
UPDATE 21 9 3 918103558
UPDATE 6 23 24 545339028
QUERY 1 1 1 38 38 38
QUERY 1 1 1 38 38 38
QUERY 1 1 1 38 38 38
UPDATE 9 37 10 308503246
QUERY 1 1 1 38 38 38
QUERY 1 1 1 38 38 38
QUERY 1 1 1 38 38 38
UPDATE 21 30 27 495440481
QUERY 1 1 1 38 38 38
UPDATE 13 28 13 607208373
UPDATE 4 20 11 780086182
UPDATE 20 30 27 159031001
QUERY 5 21 2 17 25 22
QUERY 1 1 1 38 38 38
QUERY 7 17 14 12 38 22
QUERY 1 1 1 38 38 38
QUERY 1 1 1 38 38 38
UPDATE 3 26 14 736544119
UPDATE 14 14 4 99103645
QUERY 1 1 1 38 38 38
UPDATE 10 24 19 564686103
QUERY 22 1 10 22 16 38
QUERY 1 1 1 38 38 38
QUERY 1 1 1 38 38 38
QUERY 1 1 1 38 38 38
UPDATE 24 34 11 625093920
QUERY 1 1 1 38 38 38
QUERY 1 1 1 38 38 38
QUERY 1 1 1 38 38 38
UPDATE 10 18 4 317170206
QUERY 6 7 11 34 17 37
QUERY 1 1 1 38 38 38
UPDATE 38 16 10 141264782
UPDATE 37 28 3 395375451
UPDATE 6 21 7 390905802
UPDATE 19 13 36 472292672
QUERY 1 1 1 38 38 38
QUERY 5 3 12 30 14 33
UPDATE 20 32 21 400266689
QUERY 1 1 1 38 38 38
QUERY 1 1 1 38 38 38
QUERY 1 1 1 38 38 38
QUERY 1 1 1 38 38 38
QUERY 1 1 1 38 38 38
UPDATE 2 24 5 151815887
UPDATE 24 34 37 267227014
UPDATE 9 19 20 22941714
UPDATE 31 34 13 265469349
UPDATE 21 17 30 207245547
QUERY 1 1 1 38 38 38
QUERY 1 1 1 38 38 38
QUERY 1 1 1 38 38 38
QUERY 1 1 1 38 38 38
UPDATE 36 14 9 777396400
QUERY 1 1 1 38 38 38
QUERY 1 1 1 38 38 38
QUERY 24 7 10 31 12 36
UPDATE 1 25 2 76545115
QUERY 1 1 1 38 38 38
UPDATE 24 34 33 62265266
QUERY 1 1 1 38 38 38
UPDATE 33 28 29 131606074
QUERY 1 1 1 38 38 38
UPDATE 37 38 30 418216557
QUERY 1 1 1 38 38 38
QUERY 1 1 1 38 38 38
UPDATE 28 14 8 109738798
UPDATE 26 25 3 154040123
QUERY 1 1 1 38 38 38
QUERY 1 31 25 21 38 38
QUERY 1 1 1 38 38 38
UPDATE 14 1 36 853074120
QUERY 6 4 18 6 27 38
QUERY 3 8 15 33 27 20
UPDATE 34 23 10 883971403
UPDATE 3 14 9 588791157
UPDATE 8 24 38 159155885
QUERY 8 2 35 16 5 37
QUERY 1 1 1 38 38 38
UPDATE 8 3 4 933110536
UPDATE 33 18 35 883510007
QUERY 1 1 1 38 38 38
QUERY 1 1 1 38 38 38
UPDATE 26 16 10 857510085
QUERY 1 1 1 38 38 38
UPDATE 16 31 1 480119850
UPDATE 38 37 33 124023639
QUERY 15 11 15 35 23 17
UPDATE 34 25 20 952706254
QUERY 1 1 1 38 38 38
UPDATE 29 12 21 237432427
UPDATE 32 35 22 439926064
UPDATE 36 32 18 681241649
UPDATE 35 25 9 632108774
UPDATE 21 3 5 460594766
UPDATE 19 9 9 988902794
UPDATE 5 9 29 349812597
UPDATE 33 30 10 704021794
UPDATE 26 9 37 574106758
UPDATE 26 4 35 943425603
QUERY 1 1 1 38 38 38
UPDATE 11 17 38 945149859
QUERY 6 8 11 13 12 37
UPDATE 14 20 35 564532878
QUERY 24 4 10 33 7 17
UPDATE 24 8 14 172093543
QUERY 1 1 1 38 38 38
QUERY 1 1 1 38 38 38
UPDATE 1 13 18 316839397
UPDATE 7 32 28 407024321
QUERY 1 1 1 38 38 38
UPDATE 30 32 9 426313825
UPDATE 7 19 15 489699678
QUERY 1 1 1 38 38 38
UPDATE 21 22 2 535091080
QUERY 1 1 1 38 38 38
UPDATE 25 20 15 767092018
UPDATE 34 14 36 466635136
QUERY 1 1 1 38 38 38
QUERY 1 1 1 38 38 38
QUERY 1 1 1 38 38 38
QUERY 18 4 10 24 31 35
QUERY 1 1 1 38 38 38
QUERY 1 1 1 38 38 38
QUERY 1 1 1 38 38 38
QUERY 1 1 1 38 38 38
QUERY 1 1 1 38 38 38
QUERY 23 19 19 27 30 35
UPDATE 12 29 3 84983573
QUERY 20 13 11 38 25 14
UPDATE 2 3 21 642162162
QUERY 1 1 1 38 38 38
QUERY 1 1 1 38 38 38
QUERY 1 1 1 38 38 38
QUERY 1 1 1 38 38 38
UPDATE 35 2 10 84825145
UPDATE 12 27 6 124022646
UPDATE 27 38 37 666376761
QUERY 1 2 26 18 21 29
UPDATE 4 27 7 227475040
QUERY 1 1 1 38 38 38
UPDATE 21 5 15 142138381
UPDATE 4 35 16 236109546
QUERY 12 3 33 33 32 36
QUERY 1 1 1 38 38 38
QUERY 1 1 1 38 38 38
QUERY 1 1 1 38 38 38
UPDATE 38 22 33 678691426
QUERY 1 1 1 38 38 38
UPDATE 23 28 30 792820026
QUERY 1 1 1 38 38 38
UPDATE 10 15 32 287769718
QUERY 1 1 1 38 38 38
UPDATE 10 3 31 684033295
QUERY 1 1 1 38 38 38
QUERY 1 1 1 38 38 38
QUERY 1 1 1 38 38 38
UPDATE 17 35 12 305909739
UPDATE 4 37 25 54448089
UPDATE 37 22 34 681995866
UPDATE 6 35 28 862961750
QUERY 1 1 1 38 38 38
UPDATE 16 6 32 387427543
UPDATE 26 5 22 678246443
UPDATE 13 34 15 287568503
UPDATE 26 25 34 954345618
UPDATE 26 35 26 826302935
QUERY 1 1 1 38 38 38
QUERY 1 1 1 38 38 38
QUERY 18 10 13 29 24 13
QUERY 1 1 1 38 38 38
UPDATE 30 1 36 321581738
QUERY 1 1 1 38 38 38
UPDATE 37 26 19 743373183
QUERY 1 1 1 38 38 38
QUERY 1 1 1 38 38 38
QUERY 1 1 1 38 38 38
UPDATE 23 11 4 624448052
UPDATE 36 38 14 112307460
UPDATE 12 11 26 62955930
QUERY 26 4 2 31 31 38
UPDATE 19 11 34 47730188
QUERY 1 1 1 38 38 38
QUERY 1 1 1 38 38 38
UPDATE 12 2 32 122608310
UPDATE 18 4 26 293804870
UPDATE 13 36 11 730811738
UPDATE 18 7 21 551870490
UPDATE 20 24 9 672394509
UPDATE 8 5 21 908839076
QUERY 1 1 1 38 38 38
UPDATE 16 22 28 749004673
QUERY 1 1 1 38 38 38
UPDATE 17 36 14 50688543
QUERY 21 29 19 24 36 37
UPDATE 24 5 25 938442398
QUERY 1 1 1 38 38 38
QUERY 1 1 1 38 38 38
UPDATE 17 33 2 798630381
UPDATE 5 14 38 715405983
QUERY 1 1 1 38 38 38
UPDATE 13 13 10 830684514
UPDATE 28 26 10 470705049
UPDATE 23 20 5 8287068
QUERY 1 1 1 38 38 38
UPDATE 17 33 34 440245236
UPDATE 25 34 12 359893494
QUERY 1 1 1 38 38 38
QUERY 1 1 1 38 38 38
QUERY 1 1 1 38 38 38
QUERY 1 1 1 38 38 38
QUERY 1 1 1 38 38 38
QUERY 1 1 1 38 38 38
UPDATE 19 27 23 217873484
UPDATE 33 3 9 263179243
UPDATE 17 36 5 394801785
UPDATE 33 8 5 571984679
UPDATE 19 3 23 471210172
QUERY 1 1 1 38 38 38
QUERY 1 1 1 38 38 38
UPDATE 26 15 11 591990876
UPDATE 19 35 28 244960759
QUERY 1 1 1 38 38 38
QUERY 1 1 1 38 38 38
UPDATE 28 3 1 545198323
QUERY 1 1 1 38 38 38
QUERY 32 11 1 33 17 24
UPDATE 17 36 2 400108659
QUERY 11 11 10 34 21 31
QUERY 1 1 1 38 38 38
QUERY 1 1 1 38 38 38
QUERY 1 1 1 38 38 38
QUERY 1 1 1 38 38 38
UPDATE 8 32 4 795258751
QUERY 1 1 1 38 38 38
QUERY 1 1 1 38 38 38
UPDATE 12 13 4 426977765
UPDATE 36 13 1 519648803
QUERY 1 1 1 38 38 38
UPDATE 10 10 37 507180438
UPDATE 22 17 33 504493714
QUERY 1 1 1 38 38 38
QUERY 1 1 1 38 38 38
UPDATE 1 31 11 550832421
QUERY 1 1 1 38 38 38
UPDATE 14 4 15 208906279
UPDATE 13 16 25 302550083
QUERY 1 1 1 38 38 38
UPDATE 17 37 2 60279628
QUERY 9 17 18 33 27 20
UPDATE 20 21 22 206469537
UPDATE 30 11 13 535644436
QUERY 1 1 1 38 38 38
QUERY 4 1 9 29 36 23
UPDATE 24 8 17 972553405
QUERY 1 1 1 38 38 38
QUERY 1 1 1 38 38 38
UPDATE 10 6 27 152359293
UPDATE 34 38 8 343640257
QUERY 1 1 1 38 38 38
UPDATE 20 23 17 947633529
UPDATE 30 4 32 581930872
QUERY 1 1 1 38 38 38
UPDATE 3 33 25 28365994
QUERY 32 19 17 38 26 29
UPDATE 27 23 16 529918098
UPDATE 31 34 26 270950493
UPDATE 18 16 4 355223875
UPDATE 10 28 26 58932037
QUERY 1 1 1 38 38 38
UPDATE 32 5 18 308324688
UPDATE 38 30 3 540583916
QUERY 1 1 1 38 38 38
QUERY 1 1 1 38 38 38
UPDATE 9 19 5 60297344
UPDATE 38 25 3 829296417
UPDATE 38 20 34 173732043
QUERY 1 1 1 38 38 38
QUERY 1 1 1 38 38 38
UPDATE 26 24 1 456441894
QUERY 1 1 1 38 38 38
QUERY 1 1 1 38 38 38
QUERY 1 1 1 38 38 38
QUERY 1 1 1 38 38 38
QUERY 13 12 19 29 29 23
UPDATE 14 38 37 825935291
UPDATE 35 7 23 573992469
UPDATE 27 14 20 9707016
UPDATE 38 37 5 210100620
QUERY 1 1 1 38 38 38
QUERY 22 28 9 24 36 33
QUERY 1 1 1 38 38 38
QUERY 1 1 1 38 38 38
UPDATE 29 27 11 67809668
UPDATE 34 31 34 937815358
QUERY 1 1 1 38 38 38
UPDATE 31 22 29 972964627
UPDATE 24 14 27 916012738
UPDATE 36 5 2 843866315
UPDATE 16 25 13 717786336
QUERY 1 1 1 38 38 38
QUERY 14 4 13 19 38 20
QUERY 3 7 9 9 22 15
QUERY 10 1 17 24 8 27
QUERY 1 1 1 38 38 38
QUERY 1 1 1 38 38 38
UPDATE 36 35 11 197213427
QUERY 1 1 1 38 38 38
UPDATE 38 34 21 968102722
QUERY 22 8 11 22 28 17
QUERY 1 1 1 38 38 38
QUERY 1 1 1 38 38 38
UPDATE 6 32 14 848377762
QUERY 1 1 1 38 38 38
UPDATE 24 15 21 722542935
UPDATE 7 3 13 841020209
UPDATE 22 31 38 766082959
QUERY 32 21 21 35 34 27
UPDATE 21 17 35 378429851
QUERY 1 1 1 38 38 38
QUERY 1 1 1 38 38 38
UPDATE 26 10 17 109981383
QUERY 1 1 1 38 38 38
UPDATE 15 33 21 965829650
QUERY 1 1 1 38 38 38
QUERY 1 1 1 38 38 38
QUERY 1 1 1 38 38 38
UPDATE 38 2 12 126668294
UPDATE 30 10 16 133342521
QUERY 1 1 1 38 38 38
QUERY 1 1 1 38 38 38
QUERY 17 5 1 24 27 36
UPDATE 33 7 15 125184272
QUERY 1 1 1 38 38 38
QUERY 34 4 10 36 6 27
QUERY 1 1 1 38 38 38
UPDATE 36 6 17 242389527
QUERY 1 1 1 38 38 38
UPDATE 36 38 26 424273125
UPDATE 10 31 27 534329710
QUERY 1 1 1 38 38 38
UPDATE 20 11 15 134581992
QUERY 1 1 1 38 38 38
UPDATE 38 15 33 691149103
QUERY 1 20 4 32 31 31
UPDATE 24 16 22 826009169
QUERY 1 1 1 38 38 38
QUERY 1 1 1 38 38 38
QUERY 1 1 1 38 38 38
UPDATE 23 31 30 673960430
QUERY 1 1 1 38 38 38
UPDATE 31 27 5 45681441
QUERY 2 6 12 14 12 13
QUERY 1 1 1 38 38 38
UPDATE 19 23 3 990733374
QUERY 1 1 1 38 38 38
UPDATE 23 22 10 765468679
QUERY 1 1 1 38 38 38
QUERY 1 1 1 38 38 38
QUERY 1 1 1 38 38 38
77 596
QUERY 1 1 1 77 77 77
QUERY 1 1 1 77 77 77
UPDATE 1 9 70 93536327
UPDATE 11 39 23 145620880
QUERY 1 1 1 77 77 77
UPDATE 11 2 4 143249451
QUERY 22 16 49 55 38 58
QUERY 1 1 1 77 77 77
QUERY 11 18 28 74 63 70
QUERY 4 57 58 14 65 73
QUERY 15 25 5 31 69 61
QUERY 44 60 28 69 62 39
UPDATE 48 61 32 376186416
QUERY 1 1 1 77 77 77
UPDATE 51 18 17 538345170
UPDATE 11 6 67 136927904
QUERY 1 1 1 77 77 77
UPDATE 77 73 37 260728246
QUERY 28 32 20 30 53 42
UPDATE 5 30 10 857932460
QUERY 1 1 1 77 77 77
QUERY 1 1 1 77 77 77
QUERY 1 1 1 77 77 77
UPDATE 58 63 39 106453127
QUERY 1 1 1 77 77 77
UPDATE 43 39 66 21450996
QUERY 1 1 1 77 77 77
UPDATE 63 53 61 781724372
QUERY 1 1 1 77 77 77
UPDATE 29 4 22 720867854
QUERY 1 1 1 77 77 77
UPDATE 61 11 43 623684458
UPDATE 16 22 36 515191625
UPDATE 34 21 17 432300218
UPDATE 36 55 8 882352116
UPDATE 5 47 69 456576088
UPDATE 70 19 73 40208194
UPDATE 20 70 64 827254705
UPDATE 51 57 47 496580323
UPDATE 10 1 25 799489668
UPDATE 2 14 42 369585307
UPDATE 71 51 77 144302036
QUERY 1 1 1 77 77 77
QUERY 1 1 1 77 77 77
UPDATE 40 77 5 435324696
UPDATE 37 60 10 166175749
UPDATE 77 71 48 545389452
QUERY 1 1 1 77 77 77
UPDATE 55 76 66 899412362
UPDATE 75 36 34 737879288
UPDATE 69 67 50 480150731
QUERY 1 1 1 77 77 77
QUERY 1 1 1 77 77 77
UPDATE 31 6 64 87626930
QUERY 1 1 1 77 77 77
UPDATE 32 3 65 139446399
UPDATE 49 65 60 259807361
QUERY 1 1 1 77 77 77
UPDATE 11 15 17 839936749
QUERY 1 1 1 77 77 77
QUERY 1 1 1 77 77 77
UPDATE 15 44 32 783927074
UPDATE 65 49 54 175930153
QUERY 1 1 1 77 77 77
QUERY 1 1 1 77 77 77
UPDATE 47 17 35 858503219
UPDATE 4 57 33 635836634
QUERY 44 68 3 59 71 67
QUERY 1 1 1 77 77 77
QUERY 50 22 35 69 59 55
UPDATE 59 27 39 206051207
QUERY 1 1 1 77 77 77
UPDATE 47 10 37 859872160
UPDATE 74 19 5 452764195
QUERY 1 1 1 77 77 77
UPDATE 4 46 8 331395907
QUERY 1 1 1 77 77 77
UPDATE 43 64 54 826259957
UPDATE 44 41 22 449954612
UPDATE 27 46 43 17767649
QUERY 1 1 1 77 77 77
QUERY 1 1 1 77 77 77
UPDATE 75 26 39 203817422
UPDATE 66 61 20 574622606
UPDATE 64 76 53 758494174
QUERY 1 1 1 77 77 77
UPDATE 25 8 37 532845052
QUERY 1 1 1 77 77 77
QUERY 1 1 1 77 77 77
QUERY 1 1 1 77 77 77
UPDATE 25 33 33 398497507
UPDATE 19 58 24 975742005
UPDATE 75 19 52 810393627
UPDATE 75 57 24 612864193
UPDATE 50 44 61 28880429
UPDATE 34 3 71 802317708
UPDATE 76 2 30 756692004
QUERY 1 1 1 77 77 77
QUERY 1 1 1 77 77 77
QUERY 1 1 1 77 77 77
UPDATE 7 58 55 561308850
UPDATE 13 27 14 635675806
UPDATE 21 51 39 997599020
UPDATE 47 54 61 998206369
UPDATE 58 47 56 129297928
QUERY 68 49 42 75 66 64
QUERY 1 1 1 77 77 77
UPDATE 9 62 24 263113715
QUERY 1 1 1 77 77 77
UPDATE 40 23 43 807681628
UPDATE 71 2 55 150952131
QUERY 1 1 1 77 77 77
UPDATE 15 49 58 681080569
UPDATE 70 3 57 317282620
UPDATE 15 34 27 748321366
QUERY 1 1 1 77 77 77
QUERY 1 1 1 77 77 77
UPDATE 42 1 31 451135310
UPDATE 65 70 14 472342850
QUERY 1 1 1 77 77 77
QUERY 1 50 6 11 72 52
QUERY 1 1 1 77 77 77
UPDATE 71 7 34 947585926
QUERY 1 1 1 77 77 77
UPDATE 57 9 1 176441381
UPDATE 45 10 63 258896341
UPDATE 62 75 5 796048394
QUERY 47 38 48 47 77 58
UPDATE 44 1 18 395199576
UPDATE 6 64 38 598049599
UPDATE 23 2 46 229468980
UPDATE 75 36 68 173359962
UPDATE 63 54 31 955174645
QUERY 1 1 1 77 77 77
UPDATE 10 9 17 208844324
QUERY 1 1 1 77 77 77
UPDATE 71 52 16 903291815
QUERY 1 1 1 77 77 77
QUERY 53 5 17 56 20 67
QUERY 57 23 7 64 49 18
QUERY 1 1 1 77 77 77
QUERY 1 1 1 77 77 77
UPDATE 23 24 60 938251730
UPDATE 9 65 38 406493946
UPDATE 5 74 55 364063348
UPDATE 9 8 54 222249773
QUERY 1 1 1 77 77 77
QUERY 1 1 1 77 77 77
UPDATE 44 70 60 29198775
UPDATE 22 30 45 224924714
QUERY 1 1 1 77 77 77
UPDATE 66 63 25 88131944
QUERY 33 10 47 76 67 58
QUERY 6 18 14 31 26 46
QUERY 1 1 1 77 77 77
QUERY 41 61 12 60 74 73
UPDATE 37 43 9 541652279
QUERY 24 9 13 41 51 47
QUERY 4 23 53 17 23 70
UPDATE 17 38 46 319052334
UPDATE 34 76 11 234985010
UPDATE 41 61 69 49693156
QUERY 1 1 1 77 77 77
QUERY 47 15 19 64 37 34
UPDATE 76 29 27 627231519
UPDATE 43 59 60 278758929
UPDATE 57 67 37 974555903
QUERY 1 1 1 77 77 77
UPDATE 27 42 24 761518013
QUERY 1 1 1 77 77 77
QUERY 1 1 1 77 77 77
QUERY 1 1 1 77 77 77
UPDATE 7 2 69 479204753
UPDATE 26 24 23 881737266
QUERY 9 21 12 22 67 51
QUERY 31 25 31 35 65 64
UPDATE 23 5 10 256275245
UPDATE 4 7 5 520302573
UPDATE 45 74 44 820685443
QUERY 1 1 1 77 77 77
UPDATE 74 63 59 77579601
QUERY 1 1 1 77 77 77
UPDATE 55 71 33 139375219
QUERY 1 1 1 77 77 77
QUERY 1 1 1 77 77 77
UPDATE 31 8 63 654476705
UPDATE 61 73 35 157773988
QUERY 1 1 1 77 77 77
QUERY 5 19 16 36 52 37
UPDATE 26 27 17 757128129
QUERY 1 1 1 77 77 77
UPDATE 54 56 25 886045267
UPDATE 9 40 51 146513788
UPDATE 39 66 65 47373839
QUERY 35 13 40 71 65 65
QUERY 35 47 21 54 48 74
UPDATE 16 31 36 43591749
QUERY 1 1 1 77 77 77
UPDATE 55 68 34 388744002
QUERY 1 1 1 77 77 77
UPDATE 19 28 40 11161299
QUERY 30 20 31 50 57 55
UPDATE 51 25 12 441568813
QUERY 1 1 1 77 77 77
UPDATE 71 36 7 695355649
UPDATE 30 34 14 178636155
UPDATE 67 43 55 458383134
UPDATE 71 2 28 99191415
QUERY 1 1 1 77 77 77
QUERY 1 1 1 77 77 77
QUERY 1 1 1 77 77 77
QUERY 1 1 1 77 77 77
QUERY 38 12 8 58 41 67
UPDATE 55 11 23 42003762
UPDATE 67 4 49 141726819
QUERY 1 1 1 77 77 77
QUERY 1 1 1 77 77 77
QUERY 1 1 1 77 77 77
UPDATE 40 52 5 759189594
QUERY 1 1 1 77 77 77
QUERY 1 1 1 77 77 77
QUERY 1 1 1 77 77 77
QUERY 1 1 1 77 77 77
UPDATE 55 30 66 86436363
UPDATE 54 44 19 703226676
UPDATE 32 2 41 960059629
QUERY 1 1 1 77 77 77
UPDATE 64 59 20 461954767
QUERY 1 1 1 77 77 77
QUERY 26 3 43 41 71 58
UPDATE 4 72 77 360977980
UPDATE 61 43 30 252830134
UPDATE 1 23 49 940378317
QUERY 1 1 1 77 77 77
UPDATE 20 47 62 422640893
UPDATE 77 17 66 844372164
QUERY 1 1 1 77 77 77
QUERY 1 1 1 77 77 77
UPDATE 28 72 74 234437765
QUERY 1 1 1 77 77 77
UPDATE 22 55 34 596161588
UPDATE 26 36 7 622795626
QUERY 1 1 1 77 77 77
QUERY 13 11 46 52 44 54
QUERY 1 1 1 77 77 77
QUERY 1 1 1 77 77 77
UPDATE 46 32 72 558139519
UPDATE 22 68 34 86664181
UPDATE 27 53 23 631270438
QUERY 33 34 4 73 61 23
UPDATE 26 36 66 444609296
UPDATE 62 69 6 768132178
UPDATE 70 76 62 945864814
QUERY 1 1 1 77 77 77
UPDATE 52 14 37 46953505
QUERY 1 1 1 77 77 77
UPDATE 56 40 23 922758927
QUERY 1 1 1 77 77 77
UPDATE 5 59 76 42804222
UPDATE 68 39 39 109575632
UPDATE 67 27 72 344674792
UPDATE 73 72 21 587965468
QUERY 16 18 30 45 73 46
UPDATE 71 13 55 570034978
UPDATE 29 17 6 867314081
UPDATE 43 65 73 676916022
UPDATE 28 41 76 2094147
UPDATE 48 36 41 958343986
QUERY 1 1 1 77 77 77
UPDATE 48 48 39 705369989
UPDATE 33 12 77 729049491
UPDATE 11 68 12 436639390
UPDATE 54 25 66 78343194
UPDATE 51 68 2 850624253
QUERY 1 1 1 77 77 77
QUERY 1 1 1 77 77 77
UPDATE 36 49 26 745968411
UPDATE 48 43 30 127891967
QUERY 1 1 1 77 77 77
QUERY 1 1 1 77 77 77
QUERY 1 1 1 77 77 77
UPDATE 57 32 25 226251852
QUERY 1 1 1 77 77 77
QUERY 1 1 1 77 77 77
QUERY 1 1 1 77 77 77
UPDATE 75 49 31 822723649
UPDATE 17 8 63 355897935
QUERY 1 1 1 77 77 77
UPDATE 77 46 48 226008017
UPDATE 22 73 51 825559908
UPDATE 17 35 43 966179764
QUERY 1 1 1 77 77 77
QUERY 1 1 1 77 77 77
UPDATE 8 66 34 671914185
UPDATE 22 20 67 258770042
UPDATE 58 39 68 861937660
UPDATE 25 7 75 18010985
QUERY 1 1 1 77 77 77
UPDATE 51 53 51 95136635
UPDATE 56 24 30 441608296
QUERY 18 5 28 66 35 47
UPDATE 9 65 7 684081645
UPDATE 73 68 71 252394175
QUERY 1 1 1 77 77 77
QUERY 1 1 1 77 77 77
QUERY 1 1 1 77 77 77
UPDATE 1 3 57 933055403
UPDATE 1 75 61 877908987
UPDATE 25 11 64 510338095
UPDATE 49 40 8 926657212
QUERY 1 1 1 77 77 77
UPDATE 50 5 23 458831221
QUERY 1 1 1 77 77 77
QUERY 1 1 1 77 77 77
UPDATE 54 25 23 951500941
UPDATE 41 23 52 571205161
UPDATE 43 12 75 72397179
UPDATE 75 1 15 112236755
UPDATE 61 1 38 927273095
QUERY 19 25 17 21 54 30
UPDATE 47 52 73 795344775
QUERY 1 1 1 77 77 77
UPDATE 2 31 13 749261376
UPDATE 72 61 42 840010969
UPDATE 74 18 68 751725189
QUERY 1 1 1 77 77 77
QUERY 1 1 1 77 77 77
QUERY 1 1 1 77 77 77
QUERY 1 1 1 77 77 77
QUERY 1 1 1 77 77 77
QUERY 43 2 47 67 47 49
QUERY 49 3 7 68 19 9
UPDATE 55 39 13 586355831
QUERY 34 9 1 60 14 38
QUERY 1 1 1 77 77 77
QUERY 1 1 1 77 77 77
UPDATE 51 76 64 139815405
UPDATE 50 57 9 149279301
UPDATE 7 44 69 710663290
QUERY 70 63 1 73 72 66
QUERY 1 1 1 77 77 77
UPDATE 15 22 29 716147686
UPDATE 13 1 19 420575113
QUERY 21 10 35 59 51 38
UPDATE 61 3 5 106038797
UPDATE 35 18 18 633243473
UPDATE 72 55 19 282752279
UPDATE 16 69 41 191477420
QUERY 1 1 1 77 77 77
UPDATE 67 57 21 493292078
UPDATE 61 69 43 97791075
QUERY 1 1 1 77 77 77
QUERY 1 1 1 77 77 77
QUERY 1 1 1 77 77 77
QUERY 32 34 1 62 45 59
QUERY 1 1 1 77 77 77
QUERY 1 1 1 77 77 77
UPDATE 19 7 62 867195005
UPDATE 72 47 67 239406361
QUERY 1 1 1 77 77 77
QUERY 1 1 1 77 77 77
QUERY 1 1 1 77 77 77
UPDATE 30 48 63 66956286
QUERY 1 1 1 77 77 77
QUERY 1 1 1 77 77 77
QUERY 11 65 3 67 77 30
QUERY 18 49 26 38 55 51
UPDATE 48 26 40 965988145
UPDATE 51 65 58 825827605
QUERY 1 1 1 77 77 77
UPDATE 45 19 62 875275341
UPDATE 33 52 74 858057955
QUERY 1 1 1 77 77 77
QUERY 1 1 1 77 77 77
UPDATE 5 20 22 288187898
UPDATE 31 12 56 471561511
UPDATE 1 24 49 927468510
UPDATE 31 37 37 583364069
QUERY 1 1 1 77 77 77
UPDATE 72 9 59 306356602
UPDATE 55 71 31 96332140
QUERY 1 1 1 77 77 77
QUERY 1 1 1 77 77 77
UPDATE 76 27 36 864895221
QUERY 68 17 21 73 53 77
UPDATE 54 2 55 290406057
QUERY 1 1 1 77 77 77
UPDATE 36 20 44 600129560
UPDATE 3 31 16 392452365
QUERY 1 1 1 77 77 77
QUERY 21 1 14 52 54 27
UPDATE 3 46 52 878555949
UPDATE 20 25 41 586103809
QUERY 1 1 1 77 77 77
UPDATE 31 50 30 697414490
QUERY 1 1 1 77 77 77
UPDATE 9 68 21 894322396
UPDATE 24 22 29 585730496
QUERY 1 1 1 77 77 77
QUERY 1 1 1 77 77 77
QUERY 1 1 1 77 77 77
UPDATE 55 35 10 479599354
UPDATE 61 27 77 922515386
QUERY 1 1 1 77 77 77
UPDATE 64 34 70 738362151
QUERY 1 1 1 77 77 77
QUERY 22 18 48 35 60 61
QUERY 1 1 1 77 77 77
QUERY 1 1 1 77 77 77
UPDATE 18 37 70 927780336
UPDATE 73 39 40 151167478
UPDATE 39 28 28 113374441
QUERY 1 1 1 77 77 77
UPDATE 33 43 39 161034295
UPDATE 61 45 69 21700338
QUERY 1 1 1 77 77 77
QUERY 1 1 1 77 77 77
UPDATE 69 72 61 721113192
UPDATE 35 72 6 350708059
UPDATE 74 23 65 571129209
UPDATE 37 25 4 636721674
UPDATE 46 5 24 552830611
UPDATE 7 38 6 814651291
QUERY 1 1 1 77 77 77
UPDATE 56 4 65 883515502
UPDATE 44 19 50 339031410
UPDATE 72 27 54 244430245
QUERY 1 1 1 77 77 77
UPDATE 56 61 75 44636482
UPDATE 21 66 35 435806075
UPDATE 50 31 12 342586644
UPDATE 24 71 14 666483401
UPDATE 39 55 26 712614490
UPDATE 36 2 3 380495209
QUERY 1 1 1 77 77 77
QUERY 1 1 1 77 77 77
QUERY 1 1 1 77 77 77
UPDATE 52 42 34 109003680
UPDATE 64 18 5 875889978
UPDATE 38 50 29 576030053
UPDATE 25 5 34 6862110
UPDATE 4 36 59 832189471
QUERY 64 17 8 73 34 46
UPDATE 19 39 38 719235415
QUERY 1 1 1 77 77 77
UPDATE 63 64 5 670772613
QUERY 50 48 18 61 76 55
QUERY 1 1 1 77 77 77
UPDATE 39 42 42 751163696
QUERY 1 1 1 77 77 77
UPDATE 28 44 33 803692919
QUERY 1 1 1 77 77 77
QUERY 1 1 1 77 77 77
UPDATE 32 12 50 241772564
QUERY 1 1 1 77 77 77
UPDATE 4 43 40 938664192
QUERY 1 1 1 77 77 77
UPDATE 3 17 41 678953366
UPDATE 56 41 49 291012857
QUERY 1 1 1 77 77 77
UPDATE 29 45 73 331138978
UPDATE 45 60 41 92100834
UPDATE 59 51 70 656498652
QUERY 1 1 1 77 77 77
QUERY 1 1 1 77 77 77
QUERY 1 1 1 77 77 77
UPDATE 77 53 1 168938518
QUERY 1 1 1 77 77 77
QUERY 1 1 1 77 77 77
UPDATE 47 27 12 388368135
QUERY 32 30 6 75 43 22
UPDATE 60 75 12 740597995
UPDATE 55 47 21 780567841
QUERY 66 18 10 72 64 43
QUERY 1 1 1 77 77 77
QUERY 1 1 1 77 77 77
UPDATE 73 57 44 590181542
UPDATE 69 11 22 247311391
QUERY 35 15 11 45 48 76
QUERY 1 1 1 77 77 77
QUERY 1 1 1 77 77 77
UPDATE 29 73 30 921118187
QUERY 1 1 1 77 77 77
UPDATE 48 51 25 194935617
QUERY 33 28 22 44 66 56
UPDATE 19 50 46 903229112
UPDATE 5 37 6 349301108
UPDATE 26 60 61 717624098
QUERY 1 1 1 77 77 77
UPDATE 64 32 27 142599750
QUERY 1 1 1 77 77 77
QUERY 1 1 1 77 77 77
QUERY 1 1 1 77 77 77
UPDATE 73 68 74 134314510
UPDATE 35 28 31 561368585
QUERY 1 1 1 77 77 77
QUERY 1 1 1 77 77 77
UPDATE 46 11 23 860240649
UPDATE 61 53 22 51302233
QUERY 1 1 1 77 77 77
UPDATE 26 56 58 730376057
UPDATE 20 71 20 228472873
UPDATE 36 47 12 683628484
QUERY 1 1 1 77 77 77
QUERY 1 1 1 77 77 77
UPDATE 71 21 18 954150771
QUERY 1 1 1 77 77 77
UPDATE 9 7 74 90419630
QUERY 18 46 18 75 60 54
UPDATE 34 8 22 949586377
UPDATE 22 58 51 366553654
QUERY 1 1 1 77 77 77
UPDATE 22 70 57 72025967
UPDATE 28 14 8 611750460
UPDATE 45 65 26 202212306
QUERY 1 1 1 77 77 77
QUERY 1 1 1 77 77 77
QUERY 1 1 1 77 77 77
QUERY 1 1 1 77 77 77
QUERY 1 1 1 77 77 77
UPDATE 24 59 66 586460259
UPDATE 20 67 76 969856167
UPDATE 68 1 17 674490580
UPDATE 15 74 26 814542560
QUERY 6 33 26 53 49 26
UPDATE 46 43 30 972396366
QUERY 1 1 1 77 77 77
UPDATE 49 10 24 991246145
QUERY 1 1 1 77 77 77
UPDATE 2 9 61 472509782
QUERY 1 1 1 77 77 77
UPDATE 3 54 30 27349039
UPDATE 47 73 19 786144147
UPDATE 14 18 50 869593995
QUERY 1 1 1 77 77 77
UPDATE 1 6 38 42547091
QUERY 1 1 1 77 77 77
UPDATE 51 50 16 774739168
UPDATE 72 6 53 537649278
UPDATE 50 26 46 152570300
QUERY 1 1 1 77 77 77
QUERY 1 1 1 77 77 77
QUERY 3 39 66 16 54 74
UPDATE 43 12 74 48269846
QUERY 1 1 1 77 77 77
QUERY 15 1 36 37 75 75
QUERY 1 1 1 77 77 77
UPDATE 63 7 46 103845105
QUERY 1 1 1 77 77 77
QUERY 1 1 1 77 77 77
UPDATE 47 42 77 536618961
UPDATE 44 47 72 733293744
UPDATE 16 17 23 320005927
UPDATE 72 70 56 205040693
UPDATE 38 37 75 216950429
UPDATE 61 23 59 270334224
UPDATE 3 41 75 499893921
UPDATE 26 27 3 508556550
QUERY 1 1 1 77 77 77
UPDATE 71 15 22 684637423
UPDATE 30 10 8 32288354
UPDATE 74 68 72 231228362
QUERY 1 1 1 77 77 77
UPDATE 75 41 4 517270349
UPDATE 27 48 8 786617552
QUERY 1 1 1 77 77 77
QUERY 1 1 1 77 77 77
UPDATE 27 3 37 523512462
UPDATE 70 33 8 165551985
UPDATE 25 52 61 233474633
QUERY 1 1 1 77 77 77
UPDATE 74 46 13 468667392
UPDATE 66 68 75 505399303
QUERY 1 1 1 77 77 77
UPDATE 8 43 54 374283358
UPDATE 76 22 52 135676184
UPDATE 5 1 51 572613345
QUERY 1 1 1 77 77 77
QUERY 1 1 1 77 77 77
UPDATE 49 6 13 238232632
QUERY 1 1 1 77 77 77
UPDATE 42 13 3 59443802
UPDATE 14 39 67 371119490
QUERY 1 1 1 77 77 77
UPDATE 64 21 49 284671031
QUERY 1 1 1 77 77 77
UPDATE 29 76 8 724598885
QUERY 1 1 1 77 77 77
UPDATE 15 30 68 962177482
QUERY 1 1 1 77 77 77
UPDATE 67 30 36 131658904
QUERY 1 1 1 77 77 77
QUERY 13 40 38 75 60 56
QUERY 1 1 1 77 77 77
QUERY 1 1 1 77 77 77
UPDATE 5 41 23 859199618
99 927
QUERY 1 1 1 99 99 99
QUERY 1 1 1 99 99 99
QUERY 1 1 1 99 99 99
UPDATE 33 52 57 962502416
UPDATE 39 72 7 260632350
QUERY 1 1 1 99 99 99
UPDATE 68 9 72 537615075
QUERY 1 1 1 99 99 99
QUERY 1 1 1 99 99 99
UPDATE 19 74 56 378667408
UPDATE 61 49 19 580585018
UPDATE 75 39 44 263613368
UPDATE 24 96 50 748647685
QUERY 1 1 1 99 99 99
UPDATE 98 13 74 622666901
QUERY 1 1 1 99 99 99
UPDATE 2 29 4 417538312
QUERY 1 1 1 99 99 99
UPDATE 78 84 93 784852102
QUERY 1 1 1 99 99 99
QUERY 1 1 1 99 99 99
UPDATE 53 21 44 775113762
QUERY 1 1 1 99 99 99
QUERY 1 1 1 99 99 99
UPDATE 46 43 37 27237370
UPDATE 87 4 49 678134595
QUERY 1 1 1 99 99 99
QUERY 82 28 10 90 97 12
QUERY 1 1 1 99 99 99
UPDATE 52 39 14 243455802
UPDATE 35 1 29 21500596
QUERY 1 1 1 99 99 99
UPDATE 16 90 57 663846620
UPDATE 63 23 11 724012937
UPDATE 27 34 37 521127387
UPDATE 45 12 39 554738665
QUERY 1 1 1 99 99 99
QUERY 1 1 1 99 99 99
QUERY 1 1 1 99 99 99
UPDATE 78 1 77 264812885
UPDATE 72 25 78 255774748
QUERY 57 28 25 70 54 99
UPDATE 3 71 85 89421139
UPDATE 39 73 62 295896440
QUERY 1 1 1 99 99 99
UPDATE 97 44 91 146522121
QUERY 1 1 1 99 99 99
UPDATE 39 93 92 691511186
QUERY 1 1 1 99 99 99
QUERY 1 1 1 99 99 99
UPDATE 75 87 8 935614687
UPDATE 70 11 12 161579666
QUERY 1 1 1 99 99 99
UPDATE 19 63 8 692536156
QUERY 1 1 1 99 99 99
QUERY 1 1 1 99 99 99
UPDATE 1 52 49 753751337
QUERY 1 1 1 99 99 99
UPDATE 9 82 67 13356408
UPDATE 85 77 19 893886283
QUERY 39 13 61 46 70 87
QUERY 1 1 1 99 99 99
QUERY 6 7 15 6 20 40
QUERY 1 1 1 99 99 99
QUERY 1 1 1 99 99 99
UPDATE 80 47 41 252128835
QUERY 1 1 1 99 99 99
UPDATE 72 33 20 148494871
UPDATE 57 73 27 298616997
QUERY 1 1 1 99 99 99
QUERY 1 1 1 99 99 99
QUERY 24 26 62 61 47 94
QUERY 18 8 4 19 66 68
QUERY 1 1 1 99 99 99
UPDATE 11 90 88 238863411
QUERY 1 1 1 99 99 99
UPDATE 32 49 67 533609892
QUERY 21 6 78 46 52 79
UPDATE 65 26 7 892623835
UPDATE 99 95 66 71672666
QUERY 1 1 1 99 99 99
QUERY 1 1 1 99 99 99
QUERY 1 1 1 99 99 99
UPDATE 39 14 43 131498337
QUERY 5 14 48 84 49 77
UPDATE 48 32 63 985016056
UPDATE 49 3 13 802986640
QUERY 1 1 1 99 99 99
QUERY 1 1 1 99 99 99
UPDATE 83 18 5 347287394
QUERY 1 1 1 99 99 99
QUERY 1 1 1 99 99 99
UPDATE 53 12 84 115142072
UPDATE 72 20 69 308575779
QUERY 1 1 1 99 99 99
UPDATE 50 66 82 202395017
UPDATE 71 49 60 156936012
QUERY 1 1 1 99 99 99
UPDATE 63 34 84 927027435
QUERY 1 1 1 99 99 99
QUERY 1 1 1 99 99 99
UPDATE 83 57 10 137075275
UPDATE 3 61 82 243958645
QUERY 49 59 15 91 86 69
QUERY 1 1 1 99 99 99
QUERY 1 1 1 99 99 99
QUERY 1 1 1 99 99 99
QUERY 1 1 1 99 99 99
UPDATE 91 16 52 580727022
UPDATE 4 90 19 317921964
QUERY 1 1 1 99 99 99
UPDATE 36 56 25 11956931
QUERY 49 35 7 90 35 15
UPDATE 64 3 70 505284165
UPDATE 32 77 30 492854794
UPDATE 82 65 45 981170192
UPDATE 67 76 36 337898756
QUERY 9 23 24 82 37 66
QUERY 1 1 1 99 99 99
QUERY 36 73 25 36 77 81
UPDATE 18 54 37 446695830
QUERY 1 1 1 99 99 99
UPDATE 30 46 41 540338705
UPDATE 52 53 38 278569577
UPDATE 27 54 84 73108889
UPDATE 93 20 50 389725505
UPDATE 39 5 71 129024604
UPDATE 75 37 75 785158313
QUERY 1 1 1 99 99 99
UPDATE 85 58 35 537555757
QUERY 1 1 1 99 99 99
QUERY 1 1 1 99 99 99
UPDATE 67 67 52 315115088
QUERY 1 1 1 99 99 99
QUERY 1 1 1 99 99 99
QUERY 1 1 1 99 99 99
QUERY 1 1 1 99 99 99
UPDATE 90 55 23 63033759
QUERY 1 1 1 99 99 99
UPDATE 96 83 89 135854197
QUERY 1 1 1 99 99 99
UPDATE 61 17 97 542109351
QUERY 1 1 1 99 99 99
QUERY 1 1 1 99 99 99
QUERY 1 1 1 99 99 99
QUERY 33 25 11 93 27 98
UPDATE 27 97 27 103254091
UPDATE 72 87 8 369908093
QUERY 1 1 1 99 99 99
UPDATE 33 21 39 100601469
QUERY 1 1 1 99 99 99
QUERY 4 20 26 6 79 98
QUERY 1 1 1 99 99 99
UPDATE 88 58 8 757398857
QUERY 1 1 1 99 99 99
QUERY 70 17 2 75 93 96
UPDATE 4 60 87 841101573
UPDATE 67 5 97 923933323
QUERY 1 1 1 99 99 99
QUERY 1 1 1 99 99 99
QUERY 54 16 46 72 18 90
QUERY 1 1 1 99 99 99
UPDATE 94 19 41 17963311
QUERY 1 1 1 99 99 99
UPDATE 81 60 34 963957364
QUERY 1 1 1 99 99 99
UPDATE 57 89 36 702204076
QUERY 1 1 1 99 99 99
QUERY 1 1 1 99 99 99
UPDATE 63 51 68 147351897
QUERY 52 1 32 56 20 34
QUERY 1 1 1 99 99 99
QUERY 73 5 31 85 45 37
UPDATE 30 35 15 346090306
QUERY 1 1 1 99 99 99
UPDATE 85 84 55 185451462
UPDATE 23 33 30 65059760
UPDATE 28 73 31 30210738
QUERY 1 1 1 99 99 99
QUERY 1 1 1 99 99 99
UPDATE 74 86 29 350560850
UPDATE 51 12 10 24762769
QUERY 1 1 1 99 99 99
UPDATE 6 41 15 409370809
QUERY 9 35 55 15 38 77
UPDATE 36 65 26 686233541
UPDATE 44 48 7 842842821
UPDATE 41 97 3 565555664
QUERY 1 1 1 99 99 99
UPDATE 17 88 46 515203439
UPDATE 20 81 76 673125020
QUERY 1 1 1 99 99 99
QUERY 15 24 20 38 91 72
QUERY 1 1 1 99 99 99
UPDATE 22 92 64 787438933
QUERY 1 1 1 99 99 99
UPDATE 13 9 28 955437459
QUERY 1 1 1 99 99 99
UPDATE 7 67 66 686744732
UPDATE 69 66 85 187195603
QUERY 25 87 45 36 92 86
UPDATE 43 59 15 744829988
UPDATE 63 42 63 989277796
QUERY 1 1 1 99 99 99
UPDATE 60 31 82 46692676
UPDATE 54 47 50 884915125
QUERY 1 1 1 99 99 99
QUERY 3 35 31 4 94 61
QUERY 1 1 1 99 99 99
QUERY 1 1 1 99 99 99
UPDATE 59 41 6 378278291
UPDATE 57 5 72 148319470
QUERY 1 1 1 99 99 99
UPDATE 13 60 21 235516918
UPDATE 14 22 97 646450781
QUERY 1 1 1 99 99 99
QUERY 1 1 1 99 99 99
UPDATE 21 49 20 576642721
QUERY 1 1 1 99 99 99
QUERY 1 1 1 99 99 99
QUERY 1 1 1 99 99 99
QUERY 1 1 1 99 99 99
QUERY 1 1 1 99 99 99
UPDATE 42 68 59 3116032