6000
540 8624
1579 8588
1761 10635
2765 8470
3384 7479
2568 8246
1002 6771
89 7678
1124 8760
1382 9225
3350 8683
431 7382
2813 9814
2300 9046
1755 9305
516 9283
3298 6941
2678 8180
1185 8522
2963 6062
1482 9274
3131 10366
567 9581
3327 9220
670 6462
3198 8658
3478 8533
2046 9206
3224 7839
2573 7507
5 7611
3177 9975
2210 8502
805 8232
2522 9530
797 8576
171 9346
984 10491
2616 9617
1203 7247
697 6948
3329 10748
751 8741
2897 10147
390 7009
1804 6299
52 9468
2120 8578
2931 7396
1159 6737
1798 6083
1420 8883
1436 9529
3279 7128
2330 9801
2383 6021
710 10066
1573 8302
3431 6914
2658 10054
1759 6470
1589 8662
1498 7429
2914 7052
2314 9421
1330 8022
2312 7437
3488 8176
3224 7110
2251 6587
3431 9852
3301 8526
3176 10673
2540 9872
1893 7891
2467 6663
1512 9781
2607 7275
726 6076
2094 6079
2405 9563
2756 7329
944 9217
1392 9503
411 7120
1294 8588
1958 7954
3130 6675
1455 10343
999 9484
486 10178
2701 10637
952 7381
2695 10563
1389 9930
2434 7361
914 7220
230 6231
583 7173
1494 9639
1998 8577
650 8756
2488 8690
278 9468
2372 6302
2570 8968
3173 8246
2972 6529
3079 7696
1005 7621
3261 9239
2744 6330
745 7042
968 7650
1196 10562
1424 7216
1484 10112
2184 9690
1915 10310
2889 6896
142 10620
2725 8364
194 10263
1164 8714
3357 9997
845 9754
1621 10252
2037 6739
2692 8491
465 8746
1099 9569
1551 9187
761 6005
2380 6568
3442 7029
3379 10008
1177 9323
1091 6753
3369 10765
1396 7761
875 6708
2375 8937
2829 6415
2061 6899
1285 10649
2179 6550
3349 9544
1479 9768
3417 9352
1573 6531
50 6759
95 6043
3086 9746
2113 7887
295 6720
2258 10493
1184 8429
375 8091
3022 8842
2836 8644
711 8243
2612 9039
1081 8673
1316 7526
2969 9697
757 10773
566 7748
2694 8098
2636 9241
391 8093
147 7128
1572 9527
3265 6816
1744 6040
2415 9380
118 6699
2087 9185
2425 6525
2975 8403
1370 6022
1324 8936
970 7622
1362 8373
32 10260
523 7911
109 10675
1878 9853
1471 8935
1757 10037
1003 8583
2768 9604
1630 8914
920 8266
1362 8198
2060 6149
2756 9007
1123 10245
713 7614
1318 6944
2469 8474
2639 7142
375 6075
251 8728
1751 9844
1264 7508
1292 6992
1653 7892
1602 8097
1718 8664
3322 10389
3103 6561
2023 7690
1933 7648
2998 10724
2431 10670
1137 9308
1305 8765
1613 9242
2378 9615
1747 7111
2050 10598
2603 8284
1687 8187
3032 10176
3382 9202
791 7632
2220 7950
27 7871
3446 8353
1296 8672
3472 7495
2331 9921
732 7764
2366 8699
379 7243
2265 7879
40 8785
1779 10579
2566 8929
3388 6037
470 7488
907 7072
572 6260
2288 8437
2586 10417
3129 9115
1257 9492
1692 8498
133 6036
1835 6212
1919 7541
1111 10717
1121 7870
1090 9373
760 9326
340 9931
2276 8043
359 9260
2129 6971
3366 7636
206 10678
1707 6653
2415 10299
3025 10710
2343 7395
536 10717
2509 9267
2330 6448
1109 6166
618 8800
1287 7882
631 6856
716 6873
295 9821
1910 6923
1824 10374
2049 7258
3023 10157
1421 9958
1403 8022
126 9002
1873 9327
1437 7151
3470 8425
2945 6399
1104 8071
510 7837
704 9972
1169 8563
643 6554
3472 6028
3427 8176
2823 6659
993 6676
3223 7803
1641 10457
3210 10769
1638 6562
804 6479
1314 10352
2336 10083
3336 7736
2070 6927
1972 10297
2443 10017
3254 10700
457 10790
1712 7997
1165 6235
385 7129
3154 8740
3322 7560
2984 7425
2974 9949
2021 6013
2384 8428
846 8744
2061 8219
649 9288
619 6972
2506 9420
3334 8538
780 6785
3448 8210
602 7752
1854 6245
2553 10504
193 8267
3031 8544
2378 8521
1044 8608
1934 7173
3004 10424
345 8154
3281 7088
333 9128
1023 8538
3437 9389
205 7685
646 7386
3162 8628
374 7391
2072 9295
3347 8137
59 9751
502 7885
141 10783
2725 10469
3265 10682
1602 6042
3274 7664
1501 9186
2853 10421
740 10349
505 10395
3317 7611
497 9030
3339 6512
2944 7712
540 6890
1045 6287
1546 6226
3125 9828
1021 6513
2245 7190
1637 10502
1210 8878
553 6229
2480 10435
75 7553
1799 9449
1940 8669
920 7270
1962 9024
1907 9125
2300 9431
2588 10543
170 7232
388 6294
2822 10004
24 9139
410 8515
792 9363
1115 6823
2121 7726
1857 6610
3215 9753
2768 9897
2011 8380
3379 9782
1052 8261
2159 7096
1716 9054
314 8830
96 10269
327 10356
2843 10299
161 7612
2493 9352
1588 6464
919 7325
3356 9671
962 6737
789 8327
2436 8240
2041 9786
2740 8552
2116 6004
2886 10310
841 9460
1463 7969
1814 6777
3370 9493
589 8727
66 7540
3108 8137
2910 6775
1226 6025
1059 8507
727 10142
329 7978
2290 10742
2917 6262
1176 6004
785 7182
3200 8267
3316 7242
1453 9100
431 9321
176 7868
3112 9022
1278 6250
1094 7206
744 8639
570 9725
1773 10455
285 9170
852 7759
2570 7384
1079 9632
2957 9886
2495 8235
2223 10241
1225 8981
588 9504
592 8852
507 8592
1744 9802
2900 10193
1806 8018
1604 10625
2661 7065
24 6544
2772 8560
731 7412
569 9183
2410 7390
2146 10555
2333 10476
2346 10363
24 6240
2594 8903
2705 9745
2080 10450
3148 6496
1159 6442
1116 9902
2321 7565
2463 6540
3250 10303
1477 10739
1126 8409
849 7478
496 9828
105 6196
499 10086
2655 9746
290 9916
708 6504
671 9641
888 7355
673 6894
802 7020
1458 10139
2981 7918
2606 8356
1499 8957
3465 8119
405 7950
2939 8461
544 8513
2374 8512
2022 9822
1175 6364
1059 8063
1833 10680
1334 8394
1602 7239
707 8675
12 6890
1851 7583
1511 6728
2230 6523
1807 10145
3335 8718
557 8735
964 6972
3393 6190
2896 6317
367 10126
2615 6845
2422 8295
589 10485
787 7708
186 10427
2890 8482
1039 9989
2258 7635
912 7827
108 10046
3393 6814
1019 6338
227 6283
753 6363
941 9957
332 10619
2275 8138
2993 7005
2489 9316
1456 9046
1103 10268
2774 7405
1675 9610
492 7532
139 6959
1560 7735
2730 10150
577 9565
5 6488
1082 9965
518 10224
2927 6539
2287 9230
143 9218
799 9792
1457 8732
1438 6958
810 6768
3083 6164
3010 10684
243 6069
1591 6451
419 7054
3138 6552
1280 6730
2583 7884
2914 7476
3360 7717
2639 9009
3400 7103
3406 7663
2489 10391
1680 8153
3419 6742
2781 9421
1699 6826
2438 6415
2169 7323
2002 9471
1500 7645
3082 6280
3358 9569
2845 9627
690 6961
1668 8796
832 8252
2699 7066
2142 6254
1628 7045
989 8516
951 8731
562 7071
2182 8548
2925 6871
410 10591
2505 8657
2482 9980
81 6292
224 7499
1635 10520
521 9205
743 8544
2956 8618
1854 8458
394 10522
1912 7845
433 8296
2990 7170
2510 6684
2068 8270
3003 7192
2190 8415
2865 10701
129 10380
2086 9070
1493 7618
2855 9957
2405 8852
619 7749
3418 8147
1171 7873
3315 8799
29 7131
2228 6716
1003 10207
2470 6121
374 6928
1407 7085
2462 9379
3114 6386
1235 8363
1953 7382
172 6933
3361 10240
1128 7445
2282 7408
2658 10016
1564 9178
1205 8668
2372 7477
1552 6932
811 7951
2970 10609
396 6371
745 6886
3420 7853
3332 10282
1555 6717
3022 9515
2624 6859
509 8001
1245 9034
636 6304
1793 10303
1388 8019
1174 6292
361 10277
970 6440
971 6753
3248 10154
1267 9022
399 10150
1732 8083
1727 10335
2497 7185
978 6621
292 8496
2193 9224
695 6058
1071 8054
1631 7848
2470 8642
2178 8953
333 8862
1218 6666
2944 6954
3390 7955
906 6533
3255 9870
2980 9250
2999 9389
1639 9695
3396 8460
1932 8019
1705 9957
773 8934
1181 7299
2483 7782
564 7673
2518 8279
1745 6035
1085 6666
2293 7885
534 7985
2113 9795
1715 10225
1246 6505
2899 8505
1706 7036
2087 8466
3113 6520
245 7736
18 8268
22 10409
1122 7115
2418 8379
1983 6628
584 9458
425 9812
2379 9810
1215 10394
2953 10290
1230 8043
1981 9234
265 6952
1438 6190
2412 10061
297 8212
1746 9963
2819 7858
1769 7256
2125 9907
2089 8997
1820 9740
3052 10064
505 7505
396 9019
2832 9486
1789 10717
114 6355
2009 7416
1349 7951
1173 6027
15 6368
3398 10376
2422 8874
1964 8840
2003 9831
117 6206
448 9725
3285 8041
3479 10326
2153 10766
1344 6060
2041 6566
2530 8931
1374 7252
339 10588
3476 10265
2485 8839
201 7115
267 7672
3015 7108
1651 10110
1546 7639
2011 9008
1208 8904
643 7048
2712 6588
103 6901
413 7598
3197 7019
1189 8868
1745 9342
3482 9953
2727 7215
847 7837
1641 8582
470 7666
3406 9760
821 8728
3478 7883
2558 8147
1267 10640
659 8747
2339 7504
378 8221
2319 8595
2477 7184
327 7900
1662 7434
71 7041
153 9380
722 8697
2226 8123
1840 8823
776 6185
597 8822
2542 10164
164 10261
78 6788
173 8870
2487 6939
2835 10562
2887 8640
429 7519
1300 10620
2311 7588
362 10697
1572 6459
222 6216
2529 7528
214 9906
1540 7706
1716 9681
1882 7360
1675 10544
77 8542
568 6160
227 6880
3334 6556
3247 10798
1188 7519
1213 9984
2218 7861
36 8116
1942 8384
3285 8798
2824 10204
831 10719
2181 6356
1937 7545
3392 8790
607 7073
3029 10084
2905 8598
90 8269
133 9778
1967 7772
2079 10751
1822 7823
1185 6219
183 6794
2423 9279
3496 7437
2881 6188
1848 8548
1116 8679
3293 8285
975 10519
1055 6783
2286 10060
659 7161
290 9938
88 8217
3414 9927
1737 8382
3141 8233
2319 8784
997 9971
2313 6382
2919 6314
173 7208
1676 9651
172 9775
2012 7911
409 7625
3326 9961
3438 9802
1507 10167
1512 8127
725 10048
1455 10092
2142 7926
737 9721
2793 9571
2019 6632
330 6272
2925 9930
645 10372
3451 6515
1404 10490
131 8043
1644 6358
250 8806
1264 8393
45 7542
526 7571
1861 6016
817 8537
2398 7405
336 9463
55 8225
883 6743
3414 10033
2251 7811
49 8912
685 6199
2378 7371
1937 7931
1151 6839
589 10351
273 6631
1563 8743
106 10338
3414 8186
848 6035
1922 8086
20 9987
3401 9750
1267 8901
1994 7895
243 8624
3316 7495
45 10707
834 6014
2322 9315
3397 6418
360 6328
3089 10406
162 6585
2765 7362
1370 8277
2046 8873
2442 7221
2895 7590
1149 7022
1610 8809
1040 6522
1036 8337
608 9513
2465 6538
2906 9364
1226 10009
12 10003
1056 8117
1001 9839
626 7065
597 9626
1746 10647
313 8414
2692 9967
2578 9812
2070 9760
3376 8726
547 10494
2588 10423
966 7685
2171 8497
2498 7917
483 8222
2724 10366
3292 10795
2300 9830
2740 6347
988 9289
2018 8104
2009 7256
577 9055
1351 7013
1311 6572
1595 9974
316 10595
1479 7832
2653 7842
2954 6005
105 8387
2517 8297
1790 6230
1017 9106
2751 8398
549 8166
137 10042
1682 9546
2215 9399
1433 6624
1406 10212
1085 9760
2704 7127
2342 7210
2245 8142
258 8346
3216 8425
2666 8478
2788 10070
855 9476
930 6476
1405 7511
1676 7996
2899 8428
174 7492
3228 6072
1112 6247
3273 7908
173 6010
1437 7076
1802 6623
2926 8452
3274 8503
3372 10564
2201 9556
2746 6437
390 10605
267 8772
73 9750
1467 9767
148 7215
1456 8662
1810 8859
2267 10284
1222 9204
1610 8045
1341 8892
3289 10778
1974 10583
571 7107
2105 9080
2244 10589
3250 6746
389 10260
959 9968
3084 6370
2373 9246
2804 9121
842 8681
2063 7389
3163 8364
178 9454
341 10573
372 7749
1897 6128
1203 9412
1808 9515
20 7571
746 8121
1721 9008
859 6066
3296 9286
1931 8762
465 9666
2678 10361
2544 6306
85 9484
2264 6030
3174 6907
1515 6700
2094 10730
3176 8111
3279 10515
3133 7535
2855 7219
1220 7871
527 6340
1504 9403
1184 10476
1831 6240
750 10228
1411 9185
1922 7419
1426 7094
1908 9644
2946 9208
3465 6317
437 6123
2877 6553
228 8603
1668 6897
810 9066
845 8270
1264 6248
1804 8795
1102 6244
685 6528
520 7618
121 9057
2222 8590
3040 7625
2513 7120
1454 7713
1135 7393
2462 7782
1605 9404
2285 6810
3223 7896
2157 10617
1715 10293
1273 8494
642 9333
2502 10055
2079 9774
1971 10151
485 9981
2993 7866
1916 9693
354 10478
2154 10424
519 7905
1380 8445
1155 6741
1854 9458
1734 6123
2351 10380
853 8847
1390 10557
920 9520
1648 9293
1042 7219
2747 8428
2119 8872
2242 9158
3160 6333
3418 7641
1995 7537
1324 8899
2965 6412
1409 6304
3008 6349
2354 10258
152 9061
3220 7649
2848 9314
210 10758
2945 7982
1080 8578
2467 6457
164 8884
2289 10100
1551 9195
1462 10048
1331 10489
1519 7974
3290 9545
1875 8072
3189 7922
1284 7639
774 10443
2592 8647
1030 10690
1140 9856
487 6504
1744 9623
10 7119
627 6268
680 9559
261 10485
375 7173
2666 8075
1138 8981
1356 10178
3476 10002
1215 8655
665 9955
2188 7174
1333 6952
2096 7058
3282 9733
1586 7784
2960 7614
2912 9726
1939 6533
2086 6647
321 7183
2028 7266
2133 9837
738 8677
1223 7770
684 10676
3008 9296
294 7303
1888 6881
2360 9802
1475 9922
3094 6870
45 9194
156 6688
2194 6236
1832 8048
2421 7360
2812 7061
3154 8761
2629 10456
521 10739
3244 9070
2693 9467
768 9586
626 10388
2560 6738
315 7879
491 9928
2687 6394
2717 6476
2014 8516
3084 7751
2242 10688
531 8907
2855 10528
2405 7618
83 10565
1258 9573
538 6860
1197 6063
1558 7658
1065 9808
3322 7739
2733 6053
1656 9687
1197 8104
543 7975
2860 9700
778 8118
211 7917
86 10699
1603 10253
1510 9207
402 6785
404 10154
1526 10086
2351 10250
1590 6894
2751 9863
437 9623
3345 6888
2044 6558
2856 10474
2103 7023
335 10315
1723 10401
2472 7330
1883 7392
3251 6833
1860 8170
619 8189
1161 6655
3258 6430
2395 7506
596 8530
3110 9797
3034 9686
516 9684
2767 7864
918 7697
378 8615
751 9872
641 6796
1171 7523
1881 6621
2933 7561
15 6062
3440 6690
2651 9803
2321 10022
315 6981
1260 8919
3355 7945
419 8564
626 8887
2371 9712
723 7792
2488 9570
2920 9201
1985 8510
1323 10784
1196 6852
1428 9061
1627 8823
3058 9019
2715 9617
1409 7815
787 7477
2523 6632
2332 10277
486 10575
424 10677
2805 9169
3473 7040
947 8570
3108 6169
2656 9317
2769 9540
893 9929
3413 6503
2590 7830
3273 9531
78 8385
3252 7047
1947 7260
1684 10767
1171 7017
2501 8648
146 10800
1791 9552
1520 7887
3449 9500
2545 8146
353 7154
987 8067
686 6360
3213 10499
467 8972
26 10202
446 10485
3083 7244
2446 6746
1704 6061
3416 6930
3456 7286
568 9915
1748 7191
110 6447
2774 8079
923 8052
2254 6203
726 6707
2777 6763
582 10412
996 6203
1786 7527
3275 9313
1866 7790
651 7810
2219 10745
2496 7498
2246 9002
1171 6715
3357 6075
1015 7493
1535 7796
2242 10584
3278 8609
2023 10230
2213 8323
2630 9548
2150 9862
2755 8130
1272 6707
2810 8593
1582 9063
414 8084
309 6148
1405 9379
3186 9126
1024 10076
790 10008
2199 8450
245 10440
775 7051
733 10041
3142 6452
2581 6456
2107 10136
37 6673
2682 9729
139 8834
3246 6398
2819 10224
461 7861
2448 10329
2444 10619
2331 10314
1948 6434
2727 8530
476 7250
1629 10102
2217 6492
80 8230
2266 10378
2880 10160
39 6459
2688 6196
3379 9902
618 10200
661 6300
1227 9661
808 6091
1150 6769
1211 9056
1253 9254
3228 10293
2397 8610
1006 8363
45 8185
57 9409
494 6841
3425 10086
2989 8164
2787 9228
2625 7075
2291 9854
35 7544
1233 6067
480 8629
514 10595
3010 10667
677 7385
2077 6630
2435 9290
335 9367
924 8293
685 7186
1547 9131
960 6970
3132 8257
537 7417
1376 9476
2045 8820
3452 7260
632 9213
3122 8020
2882 7947
396 6504
1558 9128
394 9184
2434 7978
163 8797
2307 9700
2690 8178
1415 8029
1359 9269
629 6658
2711 9237
1624 6679
3092 6061
266 9075
1998 7258
949 7981
1077 9674
735 9106
1048 8982
1558 10265
2957 6930
24 7384
71 10530
2897 7607
1104 10255
221 6629
794 6106
2800 6859
1860 9167
550 10366
148 8158
916 7673
1460 6887
1352 9290
1529 8980
352 9355
3076 8811
1506 6740
444 10083
3111 8047
1586 9079
2945 8461
159 9338
3029 7415
2119 7082
1965 6406
2042 8263
1486 6679
1244 9510
1930 7546
2973 8193
2852 6762
2906 8529
43 9602
265 6559
188 8813
147 7447
2210 7583
776 6046
500 7682
1818 9381
3034 10676
2157 8638
1488 10735
1447 7087
2532 8968
984 9797
788 8413
3260 10283
3199 8969
3496 6331
956 6681
209 8404
1539 8324
1187 7533
2757 7446
3061 7785
2862 6958
1205 10539
2713 7657
3435 9899
2838 7518
1205 8394
626 6284
1498 9378
1312 9872
599 9506
3135 6812
1389 6105
929 8676
3333 6928
2806 9242
2268 8285
2095 6301
2634 7477
2613 10349
1 9538
269 7523
2481 10037
2917 10335
404 8094
3108 6209
2275 6970
1678 9180
1119 7308
2526 7399
2961 7151
2353 7286
14 6314
696 8617
2128 7557
336 6692
1485 7899
2055 6975
661 7409
3214 6974
2809 7750
3282 7043
2228 10475
3428 6274
683 7381
185 9654
789 9841
2261 9810
729 9079
166 9787
642 9474
1191 9652
1382 8223
3279 6297
2594 8612
692 7889
738 8707
1879 9470
2630 6494
1657 6070
3288 10333
1371 10295
1535 10366
1590 10262
3459 8429
55 8953
1869 9813
1681 6342
3078 10485
258 8347
371 6710
27 8320
263 9532
486 9882
2657 6523
1834 8225
2959 8780
1098 10580
3424 10752
793 7339
1873 9652
490 6861
2702 7013
2238 9795
2039 6406
698 6316
279 8720
287 7923
148 7834
2235 10239
720 7849
2854 9705
109 8777
689 8563
112 10076
2017 7287
1759 7475
3143 7517
1802 6811
2455 6353
1086 10746
3042 8756
1449 9754
1933 8466
473 8196
1606 9301
505 8785
541 9400
267 10621
1744 9534
63 7613
1143 8867
24 9234
731 10067
3108 8863
119 9946
1463 7672
2815 9756
1642 7611
2656 8838
2938 10275
1320 9924
1126 9498
1648 10612
2320 8015
711 6811
476 8457
2137 9623
3162 6075
548 8981
255 9880
1714 10116
961 10024
1851 10634
2926 10716
2808 10037
362 7966
212 6132
276 10349
2854 9991
1039 7272
2279 6580
984 9960
1738 7548
819 8211
1901 9101
1382 9070
2385 6457
566 9651
2264 6375
3105 10148
938 7049
2454 6942
1859 7949
310 8753
1267 9240
2047 8111
1520 6192
3296 9667
2535 9848
496 7173
1475 8930
3366 6027
1203 6944
1308 6209
1978 7963
2718 9916
3021 8040
506 7947
219 6328
1858 7119
2692 9870
2089 6989
3012 6263
3282 6146
853 8117
813 7286
2932 7740
1355 6804
1168 7265
1376 7161
764 8783
275 7947
1157 9724
466 9100
3227 6555
2550 8879
1592 8851
3029 9642
1113 8177
1122 9420
2677 8793
742 7761
1279 8067
3429 8244
3476 10660
578 6276
902 6313
822 7162
1215 9899
365 9226
928 7584
2755 10552
2091 6094
1351 8109
1562 7814
698 10506
419 9998
3410 7676
69 6111
2243 8849
1484 10384
2574 7433
484 7571
2608 10673
2186 9311
1125 6828
2416 10797
2077 8019
3313 9063
2159 7871
840 6622
660 6243
917 8635
530 9951
2165 6776
2118 7507
743 9743
875 6449
1683 9267
885 10711
3490 10623
516 8411
3057 8748
2856 7783
1007 8134
2640 6983
774 9313
3362 10560
2209 9160
703 6948
1475 10294
2147 6435
234 8521
150 10084
2178 8883
3176 6804
2744 9011
2699 6590
1034 6851
935 8605
580 9171
1907 7342
932 7799
2426 7944
222 10204
3342 7600
451 9729
3192 8873
328 8420
652 10569
2765 7994
3207 6802
2759 7202
418 8254
3372 8988
3164 10268
2441 7414
388 10715
1766 6856
2480 7908
2117 7521
558 9454
1162 7681
1549 10316
1165 8457
2019 7945
1980 8943
2204 8310
739 9206
3305 8067
841 10206
2589 8781
121 10456
2667 9783
2737 7228
2622 7420
1177 6078
3274 6787
2147 6879
1324 7284
2705 10400
2011 10059
208 6908
1900 7659
352 9046
2879 10164
1325 7985
2299 9943
2848 9439
1912 9193
1348 8124
2451 9271
1918 8155
3033 8794
294 9985
2051 6923
1177 8529
974 9400
644 9096
3263 9303
3159 9130
2477 7290
3446 7869
2082 7843
546 9716
1178 10138
1719 6382
802 6846
1016 8353
304 6169
1036 9360
2808 6966
3432 9477
1174 7095
1993 10747
764 10786
951 9179
2591 10428
3214 6569
1266 9497
764 6464
1643 6386
2211 9212
2748 9784
1308 8182
67 9320
3384 7733
637 7840
1786 10722
161 8113
1306 9533
3077 9013
3145 9999
1833 9571
108 8863
2878 6240
317 8233
65 8472
495 8716
3365 9550
325 7107
2530 7024
3126 6294
1050 8495
1716 9362
1209 9165
2911 10358
912 8376
1119 6575
2667 7318
225 7559
3451 8801
1877 6297
2129 7413
859 8200
1732 8231
3028 6704
949 8601
1095 8669
3369 7435
3393 8571
2874 7668
1216 8462
450 8658
683 10211
909 6142
1667 6663
21 9731
581 9270
834 9328
564 7766
1899 7276
2071 10470
1967 8010
3470 9649
2345 6493
2649 9479
3102 8014
2674 9645
2643 6699
3305 9492
30 6722
2156 6984
2860 6575
1224 7658
2570 8946
2217 9952
148 7685
3272 9611
2081 7020
1439 8121
1501 8525
513 8861
2723 10498
1280 6076
375 8301
1647 10152
1319 7115
652 9458
476 9164
1066 8476
75 8803
738 6157
2804 8985
2375 9352
1944 6438
2039 8543
98 10306
672 8740
691 6329
843 9057
1338 8382
2803 6473
2256 6081
194 8494
1612 7491
992 8755
2015 7337
1824 8581
1123 7760
2550 8070
21 6113
2081 8202
2364 7141
2778 9926
772 6618
981 7685
2923 9990
293 9053
2601 9355
902 9890
554 8636
2616 9113
1832 7471
2517 7024
3401 6419
1667 6252
207 8900
1189 8482
2835 9757
876 8874
2927 6286
628 9361
3027 9262
2063 6606
537 6482
1904 8119
3248 10270
1949 7477
1894 9691
1104 8950
634 7562
1522 7137
2941 7096
531 9871
710 8403
2473 8120
1431 8060
1224 10347
2282 8157
259 8131
2870 6077
677 7382
1183 10258
1460 7663
2691 6230
250 9023
857 6877
3069 10447
1354 9573
1856 9017
1731 6255
2469 7320
2682 8909
323 8509
3092 8829
2417 7203
1486 6197
704 8677
351 9983
551 6831
293 7559
365 9139
539 9842
3230 10717
2627 6706
1455 6472
2604 9176
960 7410
1962 9641
2759 10605
1061 10483
1535 10584
1662 6241
1585 9806
1211 9358
2245 6557
662 8791
1168 8826
1724 8564
2548 6899
1864 9416
665 6884
1810 7990
1007 9774
640 9271
2176 8933
1832 7721
275 7753
2026 10282
660 7032
3460 10150
1067 6369
876 8045
727 9212
2852 10569
68 7161
253 10126
2365 6902
2796 10610
2293 9780
2008 8991
2992 8652
1714 10567
2992 7198
594 7032
618 6987
299 10352
3431 6244
3135 7282
3119 10721
3171 10009
1957 9687
601 8237
783 10404
2516 10740
466 7212
174 6731
3209 8586
359 7732
471 8063
2733 7410
2191 9966
2930 10643
3451 7436
1725 6670
267 8914
1164 6861
2079 9141
1606 10124
3155 9303
2889 7907
2103 7935
1366 10528
138 7495
2083 6489
154 6804
1432 6977
1921 9931
794 9400
1399 6018
817 10216
604 7413
2517 7757
2994 7739
1046 10132
1066 7544
2838 8296
1171 6995
1967 9929
3136 8234
1206 6366
684 8261
1799 8268
130 9545
2298 9351
1474 9583
1738 10536
1372 6644
3220 9088
2923 8977
858 7085
375 9837
828 8682
639 9490
946 6252
3370 10461
2087 7082
1126 9786
1330 9724
3449 8464
124 7783
1608 10297
2365 9719
2933 7157
1698 9935
513 6367
2062 10110
1486 10592
3487 6866
2329 8866
2391 9457
2784 7496
2288 6245
978 10652
2337 6328
2859 9416
2418 7809
2089 6218
2498 6397
2119 7778
1646 9570
877 10573
1565 8175
1884 10615
1714 8136
1799 7149
1510 10177
1670 6993
2103 9593
163 10577
788 7337
2346 10457
1601 9596
2670 7944
1021 9505
1108 7457
1230 9119
2249 7236
129 9962
1864 7516
3451 10675
765 6617
2131 6020
597 7137
101 7179
2533 10562
2 6646
2980 9580
793 7873
2565 9629
3205 6156
1394 10716
1652 9073
2331 6250
132 7316
1998 6966
300 7420
101 7696
469 6369
2944 6048
3317 8454
905 10392
2688 9096
2605 9703
422 6519
3349 9840
2908 6502
1244 6970
2085 8638
519 6057
3343 7832
3438 6637
2174 9866
1417 8761
1057 7744
904 9910
3061 8655
950 9465
1406 6663
912 8883
2079 6279
323 9256
1640 9302
3007 10403
1901 9519
2367 8679
114 8539
613 6632
1685 7366
712 10299
3352 8011
943 9804
71 10513
2072 6799
3068 7898
101 9273
1165 7449
989 9647
3498 9220
2306 7999
12 9003
825 6990
2453 10312
1263 8657
1181 8663
147 9088
1123 9704
879 9480
665 7346
1872 8321
3473 9130
2952 8991
2512 9684
1202 6956
502 6233
113 6070
2834 7707
1341 6212
2683 6597
974 8911
317 9958
2613 10479
2801 7935
2304 8020
3089 6234
1573 6646
43 6558
3290 8591
1260 9697
2319 7815
951 9789
2140 10032
750 6438
2485 9715
2053 10746
76 9162
2147 8474
1894 8176
3165 7289
2620 6934
1327 9010
3131 6936
1048 9823
2518 6255
1981 9191
87 6568
2339 9175
984 6229
3113 8693
63 7554
3128 8657
744 7978
1297 6428
470 8235
2114 10557
2045 9336
673 7266
663 8334
2381 7572
84 9065
519 6927
2450 6775
1240 7120
2248 9741
47 10223
502 7129
857 6127
3198 8856
3096 7060
1250 6920
1169 9140
1070 10337
2813 7185
175 8768
2822 6694
2713 7972
1489 7488
280 10780
2851 8527
2581 6976
3180 10109
1427 8160
1351 10302
3471 8762
1608 6697
2801 9520
934 8710
768 8312
2281 8040
2678 7446
235 10621
207 10119
172 6883
2378 7807
1256 7741
1441 7446
1108 10119
3425 9343
265 8998
102 6457
936 10628
1888 10697
437 6682
1522 7207
3039 8462
69 7992
2371 10752
1417 8188
3156 6112
471 9033
2354 8578
138 10360
430 8244
1476 8798
2178 8271
3016 9406
618 7628
469 7868
2557 6809
1760 6293
20 9772
910 8014
1103 7768
1768 6058
997 8030
716 9376
3471 6597
2488 7756
3484 7468
524 9253
2487 6752
2375 9135
1960 9002
3166 8498
992 7722
1455 9578
731 8682
492 6400
2655 8684
466 6073
987 6917
2695 8814
1013 6830
2386 7676
1340 8665
870 10556
744 7745
693 9205
3275 10373
1027 10065
1860 6454
1157 9102
3346 8559
3463 6454
871 8293
3026 9041
2957 7678
690 6297
1277 8551
3236 6190
843 6433
349 8203
1621 7963
1722 6009
3075 6726
3026 9666
3366 8485
429 10601
2075 7331
240 9432
2983 9194
1545 6106
3136 10609
2141 9162
2643 9237
1058 6604
2036 8492
1386 7739
1874 7126
864 6306
679 10132
2337 9646
870 8094
1944 9315
1831 10415
2362 9935
1307 9060
3357 6908
1097 9093
914 8298
1915 8547
2648 9852
3237 8355
1403 8690
2414 7961
497 7383
73 8025
3060 6332
2816 8009
1656 6244
66 9019
798 9281
2814 7738
2685 9119
2341 6307
843 6304
2945 7671
2347 8872
1996 9325
182 6233
1970 9933
76 6466
315 9722
185 7763
1767 8527
2792 7125
2700 10606
2210 6104
3061 8917
1986 10348
147 10419
2383 10195
1008 9145
2075 7799
2102 6963
3003 10393
2463 7385
3138 8010
1630 9505
1206 9501
176 6488
3428 6556
3120 7601
3192 10554
2724 6557
3338 8329
1990 7452
3223 10541
965 8914
526 6097
847 8285
304 10776
1090 9766
2994 6167
282 9142
1971 8385
3079 7371
1917 9506
1256 10348
764 6929
1867 10361
1788 10335
885 9286
2442 9621
64 8425
1746 7134
491 9234
151 7872
1746 6363
1500 10257
1003 9760
1290 6503
900 6929
1958 10640
2002 8518
2872 6275
905 6738
1536 9367
3085 8794
2084 9331
1637 10472
1786 8774
1566 9275
3376 8888
2638 7009
2361 7200
3296 9544
941 8695
3183 7058
1491 6220
2491 9703
394 9658
3144 7439
1023 7127
1042 8640
3354 8687
439 8116
779 6513
339 8895
433 9575
2629 7840
1287 7212
3367 9366
1555 6681
91 6389
305 9344
359 6456
3401 9821
470 6553
1500 10249
748 10207
3114 10481
1776 7032
1667 6215
279 7111
3208 8439
936 7999
2841 6877
458 7793
997 6197
1874 8034
999 9874
1709 10721
2358 7892
392 7447
31 7764
2662 7776
1195 9825
2374 7129
2905 8240
2162 6459
2048 9231
2859 9639
88 10011
1014 6913
3289 8627
3202 7042
2949 7404
1687 9993
2460 9414
574 6258
3493 8671
2982 9578
82 7911
2814 6530
2558 8084
3464 9666
2694 6551
354 9151
3214 9294
2751 9007
153 8507
64 6269
1344 6261
403 8665
3295 6813
3496 9234
572 6868
942 7974
461 9515
528 7193
1204 6171
3433 6916
1117 8183
2264 9904
1374 8606
1352 8611
2201 7285
1836 6778
1183 8405
1670 9016
2648 9664
1793 9758
1235 6618
443 7612
2175 10262
1568 9286
1266 8494
248 6954
2645 7127
3483 6369
2108 8628
7 10052
1044 8330
2013 7842
2010 6324
876 9551
3193 10455
222 10495
755 10649
2693 7699
3264 9358
873 7218
676 8243
1166 6812
2838 8095
825 10427
2733 8502
2406 8251
1150 9184
2713 7772
449 9978
1573 8966
2608 8395
2623 6876
3258 9721
3367 6995
2197 8956
2968 8837
1447 6676
1876 7681
1185 7287
3227 6502
840 9806
3210 7280
2951 8480
2902 8721
1669 10255
2084 7812
2193 9602
456 6110
2339 9762
879 10725
101 7497
1266 9766
1402 7479
2067 8642
2065 9479
3441 8521
1601 10082
2351 7242
308 6131
3169 6248
2845 9243
2506 7665
175 9381
1105 7148
747 7228
3375 8433
1068 8667
2564 9470
3409 6342
1938 9798
1359 6968
1874 10252
269 10140
1229 9457
2776 6463
2222 8522
2038 6662
3136 6326
2514 8284
234 10479
3433 7279
1044 9054
83 9500
2249 8116
1381 7015
920 10614
3033 6064
2788 7640
1603 9251
479 8974
2535 9454
1656 10015
2047 8632
2539 6587
1294 10448
2430 9166
1 8739
506 9813
825 7283
3056 10353
2541 8388
1180 8442
325 10392
597 9237
443 10590
2510 6665
2998 9063
2153 10510
520 10137
2986 9127
2064 6887
3402 10546
2295 10561
3153 6462
2938 7879
2644 8796
693 9476
3159 6457
2827 7961
266 9067
174 8695
2930 9225
1003 9297
279 10496
149 6930
2784 9187
2531 7435
2710 8067
472 9967
1344 7040
1423 8642
1258 6174
417 10063
2729 7195
3361 9561
1683 9792
3490 8469
1655 6839
3053 9814
1223 8668
2635 7625
1708 8662
831 9442
2498 7144
2767 8278
2249 6211
2511 9867
2994 10719
838 8397
70 6282
913 7234
1588 6655
1902 7648
3265 7418
805 9053
25 7563
61 8871
2271 10473
297 10070
1101 8906
192 9247
198 7600
130 9802
836 8838
2928 7462
329 9131
627 8699
572 7502
2459 9536
2648 7163
1921 6734
2577 6260
1019 8917
1757 8964
1188 7566
1673 9552
3108 9456
1796 8751
1064 7143
3388 6012
3165 6402
3124 9449
1377 6059
2116 6485
3259 7133
1891 8929
2416 9297
2694 10176
1646 9273
1150 9102
692 10225
716 9123
2114 7091
150 7399
1366 10634
2105 9896
3379 9097
1573 9065
2165 8572
3053 9534
745 10271
87 9301
1271 6094
2510 6871
2157 7421
974 7280
2157 8425
159 9834
1426 6734
1606 6273
711 7771
1832 8819
905 7459
1069 8534
1454 10069
565 7214
1834 6382
332 7551
1393 6125
2275 7776
812 8904
684 6545
128 9693
3246 9806
2037 7467
3474 9124
2704 7362
765 6852
1927 9400
1472 6934
369 6302
2028 7503
2860 7666
190 8774
1350 10710
2898 7300
3452 7297
1813 8474
1345 9269
3377 7671
2982 9137
2608 7993
3411 6567
2220 9604
1138 8560
1878 6033
2997 7039
1832 6985
1097 7252
2496 8659
2674 9714
3102 10154
3156 7378
2289 9394
3438 9113
2267 9228
377 10056
3058 8680
295 9459
2865 10458
3345 8116
1886 9457
3050 8928
1055 6084
1701 7802
1056 6413
326 10151
37 8826
888 6754
848 9794
5 7665
57 10358
150 9304
148 9240
2045 7628
23 9775
1865 8874
333 9755
704 8233
3362 10727
870 7310
1944 7709
3389 9054
2665 7582
120 9433
2462 10353
1301 8613
2971 7644
2470 6089
3404 8753
2211 9179
2836 7787
1092 9276
2291 6969
64 9602
37 8154
814 7670
3169 9002
679 8704
572 7420
137 9119
3071 9640
510 10461
1353 6311
1388 7491
889 6493
3340 6601
1366 8565
932 10192
604 6963
3429 9364
520 8646
3357 10076
1315 9245
2441 7859
2764 10684
3034 9884
2618 7247
781 9666
2435 8958
465 7150
3134 9217
1104 7228
994 9590
2172 6160
2316 7857
491 7429
299 8787
97 8550
1130 6942
578 7201
797 8327
684 8632
284 6925
1885 10426
3301 7626
340 9074
176 9480
2408 6750
755 6549
2073 6883
2243 6298
1407 8958
285 7336
1680 7486
3401 7892
2690 9520
2153 6405
2074 9499
2753 10315
3059 9262
118 7794
3197 6135
1019 9623
279 8598
39 8571
1010 10096
2704 6422
224 9128
1744 10030
562 6603
3385 7015
1538 6794
358 9181
3432 9454
1945 9648
1733 9607
2747 9183
2264 10341
1170 9049
2477 8523
816 8591
3135 6369
1452 9422
955 7529
1522 8908
2509 8692
1611 9025
2077 8982
402 7864
1566 7063
783 7781
2465 7211
96 8889
582 9829
1411 9012
1922 8359
1252 9850
1413 8733
547 6250
1038 8171
3159 7787
2103 8739
72 10055
459 9788
1283 8765
865 8959
161 10257
1311 10372
2729 7847
502 7069
2720 6160
3427 9553
1789 6500
851 6988
17 8913
575 6740
1977 6386
2467 9599
3 7268
2192 8804
730 6805
1224 8975
1473 6749
181 6137
561 6034
2420 9463
850 6934
3303 9201
331 6964
2269 7766
1357 7276
93 7310
2219 8906
1270 6320
3139 7614
3321 8566
982 9511
887 7341
3120 7985
2989 9969
2630 7265
2545 9945
2253 10030
1487 7151
564 9107
2299 6563
2105 8930
3085 7936
1480 6683
2491 10590
1219 7165
2245 9562
473 9052
607 8387
2737 9012
1038 8982
2090 8765
3396 9517
189 6399
878 10163
3326 9000
386 9243
3495 6620
434 9617
2477 9292
190 6257
184 10122
2561 7928
217 6236
751 6776
2930 6543
2293 10767
718 9933
2037 10777
850 7218
2268 8549
3115 7388
3249 7398
268 6017
2220 9643
1278 7622
1435 6737
3282 8141
1292 8184
619 9678
2927 6899
1074 10409
181 10436
642 6906
577 9991
1699 7790
2413 8301
205 10326
2921 6124
2936 9850
1452 7413
339 9328
1143 8679
3461 9133
658 7362
1167 7002
2323 7454
3012 8299
326 10013
2110 10732
1703 9822
2937 7772
1998 9395
1565 7039
2512 8982
1210 7471
3333 10711
2467 8179
1505 7193
2137 6802
3307 10046
737 8873
2976 8096
129 10428
208 9474
2525 9162
1379 9734
500 6180
3098 7456
2746 10431
3180 9226
576 9287
2691 9401
2860 7414
525 6928
1533 10278
548 6868
1093 9763
1894 7585
2473 6533
576 10075
608 6524
917 7654
1328 7021
2790 8154
922 6973
2857 8817
3216 6699
1122 10499
2796 8482
288 8693
2806 6542
1616 7277
1814 9648
467 7945
1167 9709
69 7888
199 6188
2870 8744
2365 8223
2736 6346
1883 7649
53 9844
355 6530
1311 7069
2944 7071
1885 6766
1884 10741
3443 7599
3137 8182
2597 10496
269 10077
2220 8201
62 9727
173 10163
754 6244
870 6105
310 9748
3094 10361
3453 7029
941 8688
3360 7508
1256 9957
931 7937
1158 6084
3418 8224
3227 6062
3373 6077
792 10286
2509 9824
3235 6704
1144 9825
2248 7149
2699 7102
848 6058
938 7467
2588 10786
1915 7529
350 9472
2615 10522
1780 7890
1365 7508
2650 9595
1240 7412
2709 6760
8 10101
1079 9157
723 9537
888 9648
3470 8646
2493 10286
2741 8973
2257 7772
639 7047
730 8553
1839 9577
1293 8195
3038 8442
2700 8015
1974 9771
2591 10525
2878 7590
505 8411
379 10537
1436 8584
3126 6293
3487 9196
1800 8066
2415 6407
1910 7510
1700 7239
1977 6806
2806 9726
1152 7676
1991 9874
843 6537
3451 6967
3328 10460
1893 9690
236 9412
35 6495
2525 10195
1134 8910
3017 7923
1191 9097
497 6077
2181 7170
3403 8904
2194 8554
241 10495
1947 6957
1887 9847
764 6748
3150 7359
2400 7914
922 9400
3454 8860
945 10343
2244 6075
33 6280
1603 8268
752 10213
2332 6146
1266 9192
3421 7473
1027 9966
2339 8710
2649 10332
934 8886
24 7670
1993 8372
68 9965
1692 9511
2483 9337
1479 7707
1296 9192
1673 10358
2915 10358
1929 9006
2681 8477
1952 10554
3014 8622
1947 10118
874 6945
2526 7211
1517 8554
2184 10014
1543 9933
2373 6696
123 7986
2042 8022
2417 6844
3044 7857
577 10391
1024 6320
2 6096
1641 6253
1900 7210
1095 10262
2114 8430
1031 6437
2515 6210
602 9426
183 6845
3354 8711
1200 6970
1682 10132
782 7339
3325 7268
1987 8432
2482 6319
83 8873
1043 8306
1696 8648
3224 10652
353 9322
1905 6091
2056 10279
578 9590
864 7207
2613 9900
3208 9144
1921 8317
1277 7710
1515 9079
2710 10410
2442 6740
2017 10255
99 6065
2301 7792
280 7938
578 7677
1496 9285
3033 8576
2828 6324
1661 10611
1097 8191
185 7637
1670 8889
3259 7677
846 6289
2464 6893
1125 6277
632 9514
755 6034
1736 8779
3258 9327
319 8849
2617 6010
2958 7990
2613 6643
1156 9545
1443 10728
1132 6520
3306 6192
2124 8815
2443 9884
53 10656
2829 7531
3028 6947
1578 7229
3141 9345
495 6731
1766 7307
2471 9044
2231 8817
1200 7259
663 7311
1953 7567
2061 7434
559 7435
1431 6428
2124 9599
1939 9516
365 7598
273 7010
2832 7451
3008 6073
1609 10557
920 7318
1227 6778
2567 9560
2973 9619
3271 8048
86 9884
3443 6067
468 7024
2050 8109
604 7714
3164 8697
3350 6007
2402 8078
1710 8914
1680 6684
1527 8815
2249 9368
444 8084
607 8595
824 9669
3036 10642
1998 6136
68 10074
3349 8904
583 8074
2824 9261
1661 7662
2254 7852
1492 8720
2831 10315
1427 6673
1490 6344
1189 10169
1146 10187
2575 6476
958 9752
2481 9374
1542 7561
110 9255
1831 9212
835 10330
2390 10121
1446 9715
2784 7095
2855 8527
2012 8303
99 7041
3013 8752
983 9122
1285 7621
2315 7592
926 9012
1440 9147
2229 8313
1598 8516
3121 7154
2650 7174
333 10588
1459 10737
3264 9726
235 7284
1227 9572
1633 8468
1192 8207
1273 8123
1474 7275
59 10578
3021 10689
2175 10257
2267 10094
680 8470
703 6868
2572 8629
345 6607
3224 10448
1027 9771
1220 6631
1614 7700
2657 9201
935 9549
1541 7787
2752 6885
2123 7472
882 7527
1723 10058
2525 9426
2124 10440
106 8457
2416 9872
3351 7307
348 8439
2251 10788
2793 10063
2809 8613
2079 9664
1695 8979
2436 9755
2123 8604
210 8554
1461 7631
3356 7756
798 8075
1818 9151
2973 9656
3236 8575
3398 7862
2365 6479
359 7699
2748 6037
1070 9921
1998 7658
3199 6599
645 10226
216 6262
1645 8745
2450 8607
1314 6719
1346 8259
769 7974
420 7499
1818 9897
3230 8697
1657 6207
152 9759
1307 8032
2319 7183
99 10455
1292 6610
1326 8921
3158 6045
1372 9109
194 8192
1144 8204
1554 6177
1606 8483
1947 7721
223 7286
288 9021
1460 10608
676 10288
3003 9881
475 8503
1418 9966
1324 6045
3137 9719
3201 8951
419 6613
240 10523
1292 7195
805 8909
2541 10462
3027 10554
1675 10256
2939 8489
3132 8969
2822 8174
3335 6247
83 7840
1147 9880
3193 8334
2707 7093
1294 9326
1737 6034
3288 10070
44 8659
839 7087
210 8769
15 9062
2241 9500
1211 6372
416 7155
759 6401
1505 6579
382 8564
1830 8957
2911 8910
3204 8635
2312 7401
1328 6387
1743 7067
2585 9628
1896 7023
3064 10033
44 8341
2655 8645
3061 7192
139 6102
1966 9553
1019 9252
1040 6362
1594 8963
1228 6470
996 6896
2327 10319
614 8865
660 6480
2174 9824
841 9845
2713 10328
21 8623
1919 8368
3176 9452
1518 8921
2735 9414
819 10531
3421 6138
493 9877
746 6941
3455 10684
2304 9610
1372 9731
2835 6111
2773 6852
3233 10665
347 9566
934 6300
3042 6408
2100 7304
1889 8997
2170 10632
651 6872
3282 8445
3393 10713
841 7418
3188 9800
438 6017
2230 7426
1145 7023
576 10419
2329 10675
2279 10667
3083 6468
3500 9459
3342 8916
2440 6689
3152 9855
1427 10154
610 10313
1819 9528
199 9927
1577 9468
2049 6364
1204 10694
509 7079
552 10579
1044 10683
1477 10789
45 9552
2540 6873
1604 8504
246 7030
3408 10132
2637 9282
2518 6727
379 7385
1590 10795
200 8000
2689 10627
2393 6454
391 10545
869 6348
490 10281
493 6135
1243 10278
3112 9892
1253 9500
1969 6795
1906 9837
1431 9415
1580 6687
3068 7525
3289 6478
2409 7866
571 10462
1322 7802
3372 6580
1467 6535
939 10342
2230 8647
2377 9135
2934 8249
78 10152
2191 9929
1999 10419
2771 6306
1302 6906
2772 9923
1921 7768
2526 8597
2298 6741
1831 9340
234 8280
2790 8236
860 10520
1017 7806
692 6548
2463 9602
1069 8324
2545 9623
1278 9487
1315 6330
2116 6014
689 6300
2653 10353
1410 9911
1207 8720
2380 8673
1416 9669
1981 9570
416 6121
1731 8835
1011 10171
1391 8231
2873 7128
3087 7071
1415 10215
2727 8120
112 9557
908 7447
429 6721
2352 9417
1560 8568
2085 6420
1091 8675
2726 8850
3395 10431
670 7231
470 6926
1182 7376
1066 9292
2956 8774
3395 7781
1409 9668
1348 6629
1173 6301
2541 10160
3417 8050
748 6003
1378 6203
1017 8154
1907 6243
318 9220
2450 6297
946 9332
3499 8164
3421 7561
2914 10678
2745 6256
532 7685
2772 7640
2775 6102
1290 7590
1905 10266
1656 9130
2614 6718
2261 7762
1681 6078
1864 7070
881 7546
2966 8340
12 7947
637 8693
3107 7767
1305 9647
2199 7843
794 10516
1932 7465
1323 9227
388 6315
298 10630
2466 8838
435 7924
3439 10570
1641 7351
2549 7561
30 6104
1659 8238
2610 6330
536 8464
2460 6860
2323 8071
1488 6531
942 6911
1832 6024
369 6667
417 8237
494 8507
3196 7526
3043 8560
1953 9910
1967 9071
1487 8039
813 8437
593 6462
3053 9802
637 6766
1784 10457
853 7244
1494 7103
54 6595
2894 6754
2381 8265
2646 9476
11 9553
2891 9112
765 7747
3231 9876
728 6761
2421 8135
873 10731
1666 7021
2612 7933
2930 6208
86 7127
2128 9746
500 7589
1241 7193
1255 8513
3453 8074
1928 10462
816 7081
2201 10374
1861 8479
957 6918
2097 8781
326 7655
466 9632
1437 10529
2880 9893
3042 6732
772 10783
1567 7255
659 9431
3333 8892
2569 6964
1504 8499
2458 7947
1883 6887
2657 7864
2154 9958
723 8046
1329 8540
1666 10123
2209 9858
1491 9136
1273 6867
1437 9167
1621 10240
1168 10501
3270 8100
2532 9323
1410 9786
1889 9448
1293 9166
3110 6921
2648 7857
3189 8595
2881 8241
1135 10455
103 7816
88 6152
2992 8148
525 8522
2148 6919
2023 6795
3447 6112
2735 8598
790 6170
1953 10341
2642 7203
1065 8375
3274 10063
3117 9315
3446 10190
1787 9964
1072 9371
3033 9813
1873 7479
822 9847
139 6806
450 9296
2874 6488
690 6046
3173 10298
2497 9581
2534 8142
2682 7533
985 6120
2599 6151
649 9307
1462 7025
1147 9188
890 6017
3486 7844
2933 8382
1435 6612
1175 6845
326 6772
297 8427
594 8452
1338 8806
1502 9975
3313 8337
971 8869
3269 9639
808 7424
3122 8655
136 9161
3497 9649
1095 7875
1117 7177
383 8808
2431 9337
1400 6620
3271 7780
3169 6879
2528 9016
809 10310
1858 9803
2006 6252
3458 9002
2406 9957
541 6510
963 7987
3388 9487
159 9789
1756 9149
179 9340
2954 8493
959 8440
2753 8113
291 6323
2659 8268
1844 8036
2640 7492
2174 9510
2001 7225
3384 8370
2152 7988
3025 6795
3141 8067
530 7480
3312 9797
796 9079
1680 8961
27 6320
199 9980
698 9128
755 9610
1957 8759
3337 7268
2369 7484
471 9147
848 7311
2739 8460
3101 9143
3298 8949
256 6365
1407 8455
1516 9665
2816 9308
1020 7532
2489 8170
1641 10470
1111 9177
1162 7464
707 7570
1533 10644
2212 10201
293 7076
3474 7772
1443 10593
140 9612
350 10005
1243 8299
938 10370
575 9126
2319 6228
319 10086
945 6293
1528 7266
2131 8160
2667 9847
150 7896
1536 7674
2215 9241
2381 6477
2688 9967
950 10032
3215 10311
412 10714
2699 8930
3369 8201
1463 8081
2541 9430
1484 7069
1274 6860
2534 10694
3485 6650
246 8943
2490 9479
235 7703
1335 8134
3479 7691
3018 8906
3415 9242
360 6524
2753 9482
382 7338
2456 7305
1822 10018
3209 8806
121 9472
2401 10369
2548 6276
3467 8384
2627 6183
1436 8068
2870 10544
2004 6620
2866 9922
1015 8376
1918 8760
3363 8992
1034 8372
195 10470
1023 6771
1580 10776
577 7397
3456 9403
3097 7292
2197 9525
2236 10051
1562 10762
1600 8882
3067 6410
719 7359
1933 8904
2769 10294
1337 6029
1249 6220
503 6222
3052 6385
2174 9884
2153 8164
1153 9627
2029 6475
2130 7029
2107 9731
286 8527
761 7797
2213 6012
3341 7786
1056 8497
2218 7008
2028 6394
1918 7901
2936 9131
3205 6659
1306 9432
99 9253
306 6857
1054 7577
1580 9064
1000 7630
2475 8317
2979 10144
334 9116
500 8362
1961 8413
1189 7388
867 8717
2206 6413
175 7907
933 10706
640 6390
2897 9167
2958 7788
2540 7117
2330 9526
717 7181
2925 7739
729 8220
828 8273
1895 6440
2622 8691
957 7058
562 10096
1477 6020
595 9248
2738 8773
3385 7260
2036 6602
3314 8302
3477 10064
1013 7047
1988 6375
361 10480
838 6097
3213 8899
2768 6859
2706 10651
2188 10091
2170 8393
2135 6571
268 9033
3042 6853
292 9908
972 10048
3005 9526
2167 9353
2803 9155
318 7557
1898 7942
1559 8550
2512 7578
1093 10684
78 6461
164 8526
2254 8706
1052 9578
159 9222
122 9977
193 7332
2700 6678
591 7405
2340 8865
727 9746
2216 7631
2652 7012
3424 8132
61 8127
1083 7907
2261 10241
1022 6181
190 9793
67 7336
1963 10558
3106 8650
1697 8534
882 7863
2060 7097
1074 6719
510 10780
2923 8492
95 7090
3157 6034
9 7192
2686 7271
975 8592
750 9877
703 7216
561 8206
1768 10267
1742 9952
491 7409
3020 6793
1097 8579
1534 9676
802 6218
1386 9924
700 6360
65 10425
83 9486
1585 7281
3332 6928
2992 7112
524 8566
3150 6531
3090 8324
433 10402
3039 9053
2515 8116
2313 9139
1807 9135
1490 7682
855 7104
562 9086
3346 6176
2752 6922
6 7464
3177 9450
3476 10726
2697 7803
1650 9584
642 6817
132 10360
1118 10562
575 6241
2480 7154
2567 7441
506 9197
2552 10632
2242 7884
278 9136
3098 6578
1335 8373
1477 7238
2085 10262
2578 8615
2149 6461
63 9755
215 8396
2351 7496
3375 7864
67 8742
1336 8474
1131 6388
895 8963
459 6250
762 9360
1251 10031
2769 7615
1200 9357
20 7041
1836 10658
2970 7313
1690 8856
410 6083
334 7447
2329 6304
969 7544
3295 8689
3420 7741
1613 8282
861 6464
2622 7210
1115 6890
2972 7791
671 6949
2637 7887
1450 10388
711 8084
2481 9025
797 8840
1315 8343
2083 9474
3242 8913
940 6719
3241 8114
133 10356
292 6455
1497 9187
2404 10698
3343 7725
213 8312
1644 9703
1409 8357
1398 8239
130 9982
844 7553
1015 8240
3326 7109
907 8215
459 6699
2775 8122
657 9018
3025 9397
381 7269
1916 6326
2288 8096
2506 8621
869 6961
2584 9853
100 9738
3257 7928
370 9686
1769 6794
910 10002
3375 8372
1087 10142
977 10620
583 7252
1991 7651
2920 10008
1490 9048
2213 10608
2695 6635
991 9879
1051 9860
1621 7628
872 7445
816 6512
153 9229
995 9936
2022 9615
1450 8832
2151 9826
2584 7401
86 7594
2615 6627
1011 6103
959 6727
2387 7196
1116 9342
2038 9763
1732 8414
221 7103
3010 7543
2860 10466
1976 10152
2653 6160
3058 10296
1645 10323
1568 8033
1599 8112
2854 8559
1906 7195
1942 10634
1082 8295
2626 8848
1514 7744
210 8360
404 7580
3364 7762
2857 7023
1182 9282
1963 10206
3008 8366
816 9527
3447 8742
2013 9183
1341 7076
451 6092
510 7076
940 10036
1830 9269
3026 6917
2104 9553
287 8342
3409 8298
1657 6621
1518 7813
3112 8099
1284 9483
635 8118
2869 7005
740 9758
1203 6057
2431 6098
782 10619
1354 10475
1423 7381
1166 8664
2160 8001
2364 8468
1835 6182
2618 10645
2585 6426
2688 6470
757 7863
2351 8376
2949 8433
2389 9876
1153 8422
1476 9813
1348 8887
3107 8948
651 6935
1607 9699
2630 7841
2555 7485
3412 10223
3342 7678
1958 7656
3440 9263
849 8025
3023 7717
1576 6920
227 6891
2792 9668
2961 7869
2566 9729
1680 6711
2912 9891
3296 8332
2772 10265
1974 8507
533 9068
1044 7935
248 10264
2811 10438
1938 6234
3487 10149
2874 6986
3218 6538
3302 10795
407 6066
2765 6785
2212 8796
495 10146
3225 9277
1076 7888
3435 10293
1210 9606
1485 9666
1766 9233
2174 7540
3185 9057
695 9184
1935 8544
718 6233
2755 9346
2276 7836
777 10782
2307 8587
1004 6076
1503 6941
2272 8751
641 7251
1075 6501
1164 7918
3365 8508
3328 8991
2174 10007
3340 7231
391 7730
2548 6144
2845 8370
2947 6307
1669 7808
961 7020
3467 10328
2976 10068
3322 8349
2993 7805
879 8688
2233 6635
2097 6784
1501 6768
340 7268
3193 6632
73 8167
2723 6887
1150 7458
272 9776
515 8977
135 8807
2495 7455
2575 7497
731 6339
585 9563
1727 8911
1085 8864
2518 6086
2849 8527
2973 7663
3106 9028
3319 8871
2384 9526
67 6907
2220 8937
853 8886
948 10149
54 6520
1537 8038
2666 9864
176 6613
611 8556
423 8183
2688 8630
3457 7973
2015 6624
2708 8892
2467 8220
3402 9941
2648 9189
2730 8184
996 6298
180 9356
2262 8524
2648 9362
605 7062
3215 6227
1875 7212
31 9367
2134 7415
3336 7192
3459 6560
3170 6262
1826 8107
3309 8429
1797 6215
1394 7043
1992 7459
2344 9158
324 9347
3235 6773
1490 6290
3316 7358
2251 7482
3469 9192
3426 6706
1962 7890
2489 10583
2744 9244
475 9791
65 10532
2538 7306
2545 9972
1588 7545
2843 10233
100 7236
1207 10744
1002 8166
1518 6076
3287 7036
878 7699
3294 7822
2436 6585
373 10413
2495 10005
232 6782
2559 6179
1014 6421
594 7794
1842 6085
1009 9743
498 7415
3014 7041
2325 7866
1825 6198
2722 10522
1441 9662
1815 6836
321 10679
2231 9544
2494 9416
3111 8016
1338 9747
1991 6161
1997 7332
240 9903
1371 6127
1385 7685
2655 7033
3111 8885
1366 8661
3113 8061
1887 7250
1192 10251
2109 7987
2070 10515
2429 10143
1437 9054
2950 7258
1351 7333
755 9076
2079 6174
1884 9344
2678 6550
435 8456
551 8448
2768 7743
368 6349
1754 8439
3475 9724
2953 8277
287 6964
997 7489
466 6480
1032 7522
1062 8954
3214 6345
3319 9403
932 6636
181 8657
744 8343
1271 6466
515 9246
587 7153
1164 10262
2642 7535
967 9028
826 7443
973 8150
1494 6669
1719 10193
1518 9079
733 8459
728 7149
3060 8858
1818 9759
3477 6156
2201 8676
1592 10649
1649 10450
2745 6357
1446 10123
2662 6506
323 10777
1909 8326
285 9086
2039 9745
3158 10437
2745 7970
3042 7197
1774 8114
3133 6951
2110 6929
1438 10574
2606 8215
3360 9623
2703 6558
2839 6585
7 6190
1498 6062
1705 8313
106 8586
2949 9865
2613 6668
2732 8630
732 9587
2477 9692
21 8466
3432 9356
2654 6375
1861 9090
2374 6697
2292 6231
2313 7072
368 10040
1690 7737
770 10007
2194 9818
2636 9888
1332 8179
485 9519
1007 8918
3030 8896
1768 7816
506 8935
1452 8024
626 8769
468 6703
1112 8810
1595 7529
1340 7536
2092 6115
1359 7304
2557 10517
1644 9600
151 10659
841 7989
2347 6446
1727 7942
2740 10480
12 9224
942 7816
2523 9660
2002 8914
1 9726
383 8891
2876 10303
1052 8915
2505 7796
2171 8612
3481 6736
258 7363
946 7152
1200 6116
1751 6998
2730 8883
334 9753
2502 9312
2679 8155
2760 7674
1649 6842
1107 6015
1194 8715
1734 8498
2550 10244
284 7855
2852 9912
960 10428
762 9225
249 9568
2250 9817
1578 8056
3277 9345
1981 6023
2375 9030
1109 7438
3287 9224
2240 6684
604 7997
958 10664
1384 6238
3343 8221
620 7328
955 9525
1793 7782
452 9225
2801 8693
1047 8936
2349 7592
195 10022
2057 8741
538 9398
2424 6863
1186 6139
414 8189
2895 8156
743 9004
2069 9879
1578 7664
2789 6935
1353 9905
731 7944
2139 8275
1987 9002
1172 6518
2268 6436
364 7328
1387 6492
3183 7223
3156 7108
358 8948
607 10487
101 9364
1687 7748
1713 9616
2363 6281
1804 7568
2747 9796
1965 8028
1132 6439
1416 6611
487 10218
3364 6111
1152 6757
1696 8296
528 6046
2530 6408
236 7648
784 6208
618 8013
1905 9833
3233 7924
1318 7917
2932 7782
601 7030
339 9542
2792 9127
1949 8544
54 6026
3413 9980
407 9674
1752 6898
1790 8227
2547 8703
3428 10454
2561 10777
266 7073
3270 9600
877 7790
2686 9494
605 6475
2780 8944
3056 8986
3451 7981
857 9930
638 6215
1073 9413
213 8999
120 10603
3227 9022
675 10624
1215 6737
1069 8481
2272 6420
1743 10429
2644 6011
1461 9473
3050 7885
1813 7508
2291 7354
394 6085
3146 7726
3493 10306
1567 8742
2470 7690
246 8451
2287 6436
979 7644
2977 7250
1349 8601
2256 10241
2983 9470
2775 6850
867 6148
3406 10110
1041 6510
1675 7012
1878 7450
1048 8807
1170 7511
1180 8487
494 9206
1763 10476
2294 10212
1886 9754
2270 10166
1334 10529
1543 10502
2657 6581
761 9022
1296 6910
1207 6322
178 8144
1162 8435
1392 10269
2185 7712
2052 7209
716 10048
1452 8959
2300 9870
2085 8419
155 7316
2639 7431
1740 8892
606 7490
921 6434
985 7357
1599 8685
1039 8496
910 6496
995 9549
978 9644
820 7290
2776 8777
3013 8069
2141 6212
1593 9683
976 10523
1178 6618
2422 9415
51 9680
1155 8025
2219 7268
1230 6920
588 8363
2653 8394
1369 6429
147 7329
1607 7809
926 6200
114 8486
1233 9454
786 7700
1824 9266
1772 8258
2941 6608
1347 10377
1623 6602
3394 10521
580 8939
355 7659
1581 9496
140 6263
565 7912
1002 7462
1234 7797
40 7690
459 7667
773 6477
1717 6465
1248 10151
920 8126
814 8916
2836 9886
644 7366
2205 6141
723 8215
1196 9011
1910 7233
1072 8296
788 10193
3423 7658
813 9561
3440 8316
3089 8166
1949 8049
3050 6897
1184 7418
3164 8217
2464 7101
1187 7377
593 8487
1845 6870
2159 6850
2627 9957
1011 6410
641 8298
570 6844
2307 6011
2532 10289
162 10566
2241 9386
2630 9929
3329 6892
3038 7681
2025 8846
2015 9636
2199 10256
496 9490
3250 8238
3281 8713
2463 7669
665 9753
2639 6294
2438 6617
131 10361
2652 8599
1396 8851
3021 8277
2687 7675
2807 8626
3392 10361
698 7718
1556 8224
3416 6514
1065 8671
678 7319
1013 7250
2661 9415
2446 10782
1933 7321
3297 9468
1612 8896
144 7829
530 9470
3058 10256
200 9685
3056 9896
2390 6399
93 8321
1238 6366
1123 6652
165 8054
2943 6153
892 8026
159 8060
3064 7332
165 10403
2521 6441
2759 8407
313 10540
2049 7378
675 9938
399 6400
2982 8086
1311 9369
1556 7486
2297 6189
671 7694
2613 8897
2478 9275
1065 9753
2647 8291
2304 6550
3324 8762
174 8386
3035 8648
665 7210
586 9554
2151 8108
1483 8853
1917 9744
629 7099
2543 7004
1399 7751
1281 7266
1272 10003
1878 6493
311 8636
2054 7548
3356 9244
1173 7102
707 8184
1986 9343
1785 7675
1398 10386
2908 10339
1350 7183
2138 8507
473 9518
3097 8201
2278 8661
785 9160
2856 10287
1031 8409
223 8830
149 9845
3428 9202
3117 8678
2292 8762
2442 6199
146 7642
2353 7016
3053 9214
965 9831
3319 6734
2629 9788
867 6914
2726 6788
2380 9848
523 7776
2891 8515
2163 6510
195 6471
1866 8952
1867 8771
1767 7468
2683 9197
1226 6221
2707 7684
2917 8807
2129 10722
332 9416
3317 9808
961 6701
754 6495
2084 9979
1374 9716
2055 6704
2885 7268
1865 10264
230 9537
2592 7812
259 7539
1212 6456
1264 7370
2462 8420
1642 6098
925 6229
168 6952
2824 9005
865 8525
1321 9617
1187 10105
2140 8097
996 8561
1302 9005
907 6812
3407 8805
401 9235
1074 9490
1144 6135
2765 10436
915 8647
3369 6796
927 6514
502 7147
1186 8873
154 6857
1655 6905
394 9450
910 6360
214 6495
1888 10109
1206 8505
3328 8821
1121 9923
2734 6836
417 6641
2856 9001
1470 10323
1608 8917
3452 7758
2114 10780
779 9101
2302 9437
2526 9972
2364 9279
180 10454
2938 9932
104 6887
77 6147
971 8756
1196 9384
706 10129
1797 9759
1082 6547
3189 6009
253 10624
1859 8398
1205 6148
3156 7372
1635 9318
981 6606
1788 10169
3056 8240
1146 6039
2072 10530
522 9419
2692 9084
2045 7950
1653 6098
1333 6837
155 9863
2181 8040
557 6182
1287 10262
2212 7278
1749 7591
1971 9006
1742 8626
2712 8850
1339 7665
1356 10301
2786 9010
855 7064
77 10767
962 9769
1929 9759
2762 9575
1209 6318
930 10765
2122 6507
508 9645
2861 8481
696 7815
523 9577
644 6170
351 6621
827 8058
1513 9359
2553 7139
1374 6523
2110 9229
3160 9851
466 10496
1199 10554
2548 8618
3153 6379
546 10351
2854 6523
2105 6144
1422 6468
1829 10031
3047 9475
535 7745
1537 6796
2425 6853
1168 9916
1142 9509
822 7408
1995 7739
713 7092
873 9254
600 10238
2799 10268
1308 9437
1302 6977
2276 7084
943 7289
413 7179
581 9211
1 9680
81 6440
2120 8953
186 9882
1789 10597
2276 9535
1275 6724
3483 6824
1763 8781
279 8989
1731 7023
1707 9844
231 8073
1738 9826
707 9501
2989 10512
362 7938
399 7153
318 8794
2990 8660
483 9348
546 7413
1032 10259
811 7257
2755 7230
198 8602
2328 7896
395 6207
982 10179
862 7375
541 7457
903 6247
1583 9996
192 10443
3080 6279
2189 7162
2403 7924
3241 6853
1096 6855
176 10720
3463 9914
1039 10746
1426 9027
3064 8074
1566 8451
538 9066
2990 6080
2783 7785
12 9813
580 10012
1316 10600
1272 9716
290 8221
2033 7062
3007 7817
2252 6822
1819 7722
523 10789
2854 10325
2724 7294
265 6831
3191 9819
3290 10016
1512 7805
2470 6277
2882 10188
3201 9061
579 10092
3035 10599
3098 9936
466 7170
2329 8211
1104 10676
70 6789
2599 9655
2580 9986
706 6065
3481 8906
3141 10795
3059 7628
124 6980
3192 6724
1767 6950
1106 10695
734 8250
2615 8796
2868 10648
820 10510
2641 8066
1908 6591
273 9297
2384 9215
1061 10159
1340 7262
2136 6663
1012 8446
954 6074
2568 9132
2547 9172
2933 8176
1867 9534
1733 10722
2537 7541
1989 9216
1030 9146
1465 8638
2256 7179
2543 9181
1047 9491
400 9343
1562 7582
1079 8826
1448 7247
1307 7275
2928 6677
2028 10125
3423 6875
2105 6281
2726 7615
2488 8464
1952 8070
2940 10088
3285 10446
2855 8963
958 7299
332 6230
903 7894
1356 7208
2479 7019
2745 7914
2299 8402
1710 6470
2969 8697
2384 6266
1382 9824
588 8103
2130 10189
235 7461
2327 8320
3162 10010
1369 8425
1010 8395
1036 7193
2522 9009
1390 9975
2150 7760
170 9332
3420 6852
3118 8320
465 7261
1345 8767
1915 10348
1100 8886
788 7902
3242 6347
1733 9481
3429 6572
1844 8965
1031 9486
3379 9917
2141 7897
1330 9990
287 10529
3218 7215
1024 7769
2707 7705
152 9091
3211 8328
3443 7915
1740 9979
1087 7381
688 10041
1568 10612
1179 6061
2927 8796
1149 8627
701 8570
60 8563
3018 10179
2284 7342
1425 9194
1009 10198
1802 8598
1573 6307
318 6355
2003 9315
1845 8264
267 6930
2561 9513
1666 9258
613 9197
1069 6012
1885 8643
3085 6400
3425 8577
3417 8362
2333 6749
204 6461
3419 6367
1753 9060
2893 7190
1956 7359
2696 6282
2329 9659
425 7411
123 9125
1751 9576
102 8448
2517 7194
1957 6612
806 8770
2771 6474
2338 10584
1164 7606
1591 10694
586 7668
952 9564
253 10550
2213 7941
820 10716
559 6906
2440 7685
124 7605
2262 10086
2 9705
2428 9369
312 7152
2884 10487
1578 10117
497 9704
335 6323
2566 10618
3020 6925
512 7153
3198 8928
838 6430
1335 10534
2942 7987
2677 7036
447 9750
2823 8854
1218 7092
3060 9970
3149 9880
1733 9098
3278 7548
594 9550
1731 9375
1968 10385
3358 10455
314 7043
2104 6569
2009 7391
1225 8471
853 6437
1910 6777
2240 10187
1586 10767
1361 8048
3310 10710
1561 7441
1089 9689
2473 6015
1046 9674
481 6353
1651 8465
718 7638
3421 10340
3078 10509
1853 9432
220 8793
559 8503
290 8111
2529 9234
2919 9362
1535 9305
100 8961
12 7336
770 6446
1595 6692
1517 9139
1486 10055
232 6913
2983 8696
3385 7385
662 7391
1042 6270
2118 6711
2124 10538
3243 8421
3134 7104
3039 7304
465 8002
1868 7121
2483 10116
2278 7381
2582 9184
233 9248
835 10284
600 8524
2050 10281
1955 8659
2744 7549
2467 9954
1402 7140
232 7150
2603 10146
3195 9547
317 7612
2945 7099
2000 8615
1686 8964
3028 7297
2458 9861
2704 10047
1205 8457
2274 7590
1309 7837
1981 9663
1337 8095
2865 6724
1664 7768
2349 6112
2495 6156
2359 6999
2570 10318
172 10048
692 6873
2481 6716
2734 6301
1673 10018
1814 6167
532 9977
233 8484
301 6122
1349 6103
63 6132
2514 8841
21 7906
3051 6320
1607 9275
273 7284
511 6904
1128 8317
2115 8315
905 9233
45 6525
99 8797
3112 10696
2308 6417
1913 7591
2939 7153
3058 6300
2728 8297
34 9680
1291 8674
2890 8080
852 8722
3457 6517
106 7640
1450 10596
1783 10312
2777 9912
1084 10436
651 7741
1785 8076
3488 6815
199 6998
2758 8098
1484 6754
2160 7507
2567 6088
3346 7422
76 8019
647 10209
162 9297
280 9697
183 8683
1259 10108
2180 6707
2524 10303
2950 6524
3394 10553
609 6894
2114 6895
1967 9817
2135 10001
3350 7178
393 8109
1217 6684
1643 10147
684 8017
2179 8153
1623 8482
38 7087
849 8146
2455 7669
2329 9417
124 6812
1196 9440
2122 7595
3096 10553
892 9331
161 7697
295 9413
3283 10584
1172 8546
2679 7168
1102 6131
1925 8404
2162 6075
2509 10763
1445 9929
1412 8733
2133 10354
3449 8341
2126 10430
3029 6183
2986 7714
2248 8709
55 9071
1017 8877
2651 7240
508 8325
210 6233
614 6697
1268 6278
3397 9604
2341 8738
3464 8541
805 9250
2868 8244
1443 6801
424 7054
973 6981
1103 8845
3293 9553
2705 8643
2930 6012
651 7304
1314 8690
3450 8906
3491 6522
1368 7525
2231 10280
2717 7668
3220 8724
2913 9702
272 9738
179 7636
266 9411
3177 10385
3405 6996
293 8387
2784 7590
3244 6898
2698 10534
1732 9695
2359 7742
2900 10391
1319 6275
906 7432
2583 6512
1360 6674
2589 10707
692 10721
1276 6470
8 8379
100 6433
538 10773
3418 7022
2739 9771
2263 6429
962 9551
97 7993
2087 9538
86 6107
272 8705
1097 7070
2373 8865
3415 8402
1831 8030
1039 10101
2250 8817
2897 6367
1163 10720
731 6268
3475 8026
1683 9535
1106 7491
1587 6613
378 8909
1823 7192
1024 6088
1091 6534
3467 7483
2813 7921
470 9203
3055 7031
3412 8795
592 7093
1362 9805
1247 6072
3145 10344
1948 7284
709 6883
680 7353
1145 9824
3099 7714
1640 10437
856 6288
279 7175
2695 7191
983 8007
2985 6774
3390 10722
1329 7181
3365 8963
2990 6794
97 10044
822 8101
747 8790
3113 9613
3040 9509
2329 6818
3032 10463
76 6500
565 9134
1750 6571
2216 6531
1684 8217
2432 8942
1761 6158
374 7019
3145 8410
31 9919
452 9912
163 9028
92 10745
906 6529
2973 10686
1190 9470
435 7786
3201 6487
1477 8855
1283 6222
437 9672
173 8742
388 8287
1055 8621
287 6545
2963 9305
1690 9942
3479 6742
2980 10213
1405 9759
3035 8095
1532 7820
1206 10379
2950 6442
1420 9666
269 9553
1919 9259
102 6514
1716 6698
3116 8176
725 6869
2868 7409
1504 7016
1109 8564
2570 6265
1351 6245
2064 6126
752 9198
1428 8493
2894 9809
1703 6228
1761 7284
306 6187
2559 8763
1603 9686
967 7580
389 9039
1736 6447
1907 10324
3046 6085
1848 6365
145 10043
187 6353
2740 8079
2497 8057
3267 6642
1459 7797
585 8734
398 6574
272 9129
948 7307
1286 8923
713 7528
281 9341
722 6020
1982 7986
1696 7993
1343 6282
1308 7154
1696 6229
1774 8984
2426 8565
1667 7693
1299 10679
424 10525
2857 9060
2196 6257
2991 6546
1985 7686
232 9088
3049 8158
345 9570
226 10742
2816 7930
680 9335
2522 8104
1814 9968
1311 8515
2620 8772
3236 6120
2843 8160
1514 6547
2333 10225
732 9388
1723 8851
776 9827
569 10060
1066 10302
441 10490
862 9266
830 6538
2353 8753
3065 6187
249 10564
2349 8386
196 7449
3239 10080
1794 9054
197 7601
2398 8207
109 9974
1151 8267
505 8309
1851 7534
41 6062
91 7771
1062 8402
2328 9048
1940 6832
2458 10527
3270 6320
2715 9713
161 10435
2906 10350
632 6106
1112 10019
2518 6486
3479 10595
161 9024
1566 8409
654 8635
1004 9372
296 7799
592 7748
1010 6310
1004 8061
3307 7924
832 9817
548 9459
2178 8683
793 7764
40 8465
451 6173
1005 10769
1581 8023
1156 7528
837 10631
3489 7134
1229 9632
1525 6942
3275 7415
772 6661
3197 8247
1325 8825
1572 6998
1754 8636
1916 9928
1276 6976
2675 8498
1629 10557
1962 8353
1764 9282
1805 9724
1750 6729
3333 6839
475 6605
2932 10250
606 8032
1719 7906
972 8824
1798 7318
2201 8201
1049 7580
1689 10010
2814 6909
1531 8465
703 9030
272 10319
738 7169
182 7236
926 8355
2829 7738
335 8071
1630 8117
769 9947
1522 10622
1485 8666
941 6716
3481 9210
883 9476
3189 10534
1351 7474
321 8366
98 7481
976 9469
3231 9911
374 8012
177 7565
1039 9814
1159 7533
948 10252
763 8756
53 6601
1476 9019
115 9864
2466 8744
3350 7253
1776 6474
2643 9409
2328 8230
2788 8346
1995 8779
352 8346
841 7469
2753 7967
1327 7408
239 7963
2414 9218
2119 9037
3199 9390
2167 9328
1014 8878
440 6258
2883 9025
237 10535
1852 7486
2406 6399
659 7144
2044 8054
2186 7554
2655 6730
152 8741
402 8626
2737 9423
3494 10765
2658 9086
1093 10649
1142 6526
596 9061
1904 8767
555 9225
2031 10794
1916 8148
562 8181
1483 9734
3043 8117
2812 8255
3007 8436
2510 8952
1690 7812
1382 9329
3449 8402
1966 9706
1631 6462
3388 10518
3119 6507
3058 8717
3228 9490
3176 9793
3398 10139
1012 6515
214 9646
3488 6375
651 9542
2177 9749
2274 9480
2951 9185
591 10644
3134 9613
2069 10521
2775 7406
2232 10029
3017 7388
2509 7197
3397 8814
709 7809
3252 9830
2770 8852
1876 8104
2966 8515
1334 8625
689 9284
2762 8773
2189 9385
2255 8617
1280 6325
1413 7379
2299 6126
748 6047
2512 10035
2756 8579
928 6288
3133 8069
1518 10768
363 6507
146 7315
3450 10420
1907 9568
1838 9285
1736 9147
3303 10726
1788 7355
2387 8110
1959 8598
1916 7932
2274 6142
3123 7464
2339 7216
3169 9593
503 8521
2730 8665
3081 9244
2079 7174
3135 7235
1632 6921
73 6386
25 10284
2156 8914
3476 6888
1777 7116
692 9949
371 8483
2996 8070
1346 8136
1380 9131
773 8360
2987 6872
1705 7881
2816 9423
1782 7509
2754 6906
3167 8502
3286 8867
1149 8162
2888 7079
1401 8761
1060 10600
651 10381
2871 8003
741 9600
2400 10306
1343 6293
2272 8274
1878 9408
1034 8439
833 10175
2747 7806
1101 6701
1652 6515
571 6421
224 8341
831 9220
2817 9159
2393 9314
1135 6792
2399 8706
339 9573
3003 9783
1184 10029
2814 9449
951 8358
933 10409
844 6974
1810 8130
1114 8837
2426 6033
1547 9305
722 8854
2838 9825
3150 6282
2336 8382
586 8883
688 8958
2275 8119
752 8915
2808 6638
65 6148
1005 6906
1479 7011
1155 10011
629 6335
3490 7230
617 6554
815 10198
507 7133
979 8750
3486 8395
1684 6142
2216 8948
2884 6844
1163 6123
3043 9076
2184 9978
472 6491
2207 6163
776 7137
1007 9482
2007 6469
1819 6722
2471 9197
557 9317
1134 10166
758 6041
1930 8265
466 6831
130 6063
2069 8925
592 6182
1195 7278
225 9076