257778
529568
341675
80372
78408
215712
43858
330200
445580
424529
516616
592976
629846
160208
381000
705060
638240
687920
841395
240428
316368
738560
995550
932640
431188
484441
900446
353088
156856
986000
887382
858753
886800
44360
606448
246592
30113
300955
825014
78625
903754
287817
755800
843756
513347
376105
838544
695179
281196
441375
753519
549855
284496
266870
932666
628505
910965
171160
286380
18273
185828
315286
236170
539520
942355
837745
409587
428698
641761
532362
851309
578432
21296
676664
780125
619540
94636
378180
497630
492453
350300
201575
796754
45522
836518
361960
947296
853000
224000
155386
822096
38751
302640
809794
152470
474390
520888
807850
788384
620356
578846
894400
902388
170808
80741
885340
227960
75
354070
109372
597195
903000
9077
790883
867280
268200
91680
677944
319221
161938
475587
832532
669532
639528
579680
703752
831007
378140
762164
753500
198012
120624
178160
948879
671632
130468
161892
324240
452739
785450
863096
9037
858015
168376
34914
177164
472776
874810
185192
544064
181746
147868
827397
114534
263480
585030
100140
442433
289736
973205
981474
745740
355340
528192
552798
219562
978316
882316
787990
662189
330272
358224
683385
719412
349700
18306
21308
1504
520784
932417
549764
791510
549440
538984
493504
534608
417000
200668
198009
268660
37645
78125
583272
864560
65860
880744
542544
215884
429265
953771
105775
446944
534181
978718
495024
652086
368415
941036
701666
279770
465624
721254
23000
540000
529320
318270
447264
602812
947736
551678
193664
554303
435150
487242
229748
454778
970683
555966
299782
319812
19150
631796
289433
304005
922844
18510
719844
943290
236098
908014
157588
730985
886700
791696
6242
182672
665265
461500
54155
459678
30400
362694
657273
432608
14592
312723
288900
227380
394548
243240
12092
814576
907120
363885
65592
25094
914140
349088
246500
96360
449426
875820
380952
732140
759957
27301
735308
290002
940590
90340
