78 7409 560295 317463684
965 5962661207 8195 655
3 514 11854 83442
491646482 1628645825 420620 391742
8585 9891017 5734 81
9425 33760366134 69 995955
551445 385725682 58840599 87
2254917109 5627706065 423029229996 881801175590
442165 1587251 275080 91477515239635
39247 95646200496 947938524 5
92543 352186 493995913454 6145776
28 137566935 34768 76378
55233676 76340085 88 797629079469123
276 76734164718 54625 227484
9710882 53951415 8736274 1
1402 9701990 540057216 4
358463 694957035266 6647214 4
4 859078400142 18696 97696648
485 78469 65512453 2
536597 44019628277 5340 67552037
64 971680729526 380978405 427735152
8026 11236208634 4746 87436
20487435 95196157 33 269407480261
1021715546 7842747847 87 36260872628
77049703940 397270121994 589016026 144577369011
2 966449554 84029513245 7
5 7 4834818 5428
78 49882121999 6240 7755188278
9 9397347178 7 99
3574128984 524053709318 69 460564
33 645205684677 40 41317984
3 38164 51343958 80
241878 30344586586 193335 53
47 703821071856 984894 278284919
24 6648992 20 6618
4 447 7123474 186
3990 518977782210 2170 8
27 521616529027 66551173 689822
21 42281820 8846196289 13659
874 9806 265779 6424949005315
7859 82252090917 35 3563
87 402920494 34861 2880
980686 4713473 26450220 43107883
8 1582813503 92313 61871
170 500 3075237 34899
23 31 65884682 85
87960 3113609 684 5
19834 717406354 1737631293 7433949
675 838386313 780086093 503581
20 94308173 694084 8143836542996
92863695 1667870440 74872398 9
43753 83682247 25492971721 388945817
77213286 627249370 143081958946 8
836 7841268804 5 93557348942
65766 86572 8 965
214 834433849539 2857 71
23 48697400773 2490884290 59132
19029739 677684395 2781933 3826822
59 27222523989 377860390090 6
5539754840 84807555966 3381834 4940418
57421843 65883173 20248916531 85488694417
3 155 22266 88
4934 25965983861 45259003151 200801
2609985 2448492245 328576 39
61174362 300845471333 90 308352221879
1199136 2285945283 19 8
1723148 3015115406 62130939898 3
6873958 6500111435 427166355098 719142884
636383 60900199 4658 518875509019044
6863899 386843781 880 663315
38658 58998 839705337797 3091
51962 965108779136 270542193432 1
38153 574635925640 29053080 5
19 38116536 9761882152 8511611339716284
86 4303326489 404 9
818863 82212932 3115260519 9624459
78 1835949815 8716115 96
13488 160272 70 5958162048562
159472 34996151878 98745382148 57
6351 62518018535 450 1025
34 1541 226276847216 34757239
30 22381 3 4229879931576
68147918 15256931686 819 3388
75 49408575 457 388663030996044
2 452283011636 6 2
20 837771 2456774 94349
1 9269 944 994
539 79131610257 7705024 77771
949 389360625 5 410652
72582 153715 1291762 9
7 125876 291106 33
7 28 4312937 3
10479 794736 74466281 7
604767 6210049394 523723573 1
1245697 487477807 798891 1
2 3552501 1125 69
720 1138751 86246506781 73621608603916
1215 46228060 35 681959
9 7469478 388 7
4 100238 7743866 25192220
551714 7861040754 3658712 9040
39 413442491 72 323
2963490 5300337 5 4256550660441
1994 89236 7 7
83302 4228776 5408985 833421
18 6347 84 8173220
6138 21281006 5160450032 519071
10043005 2283266070 468436979 5510
2766 790269429 9626 39
599440 755327277134 650600 42797
66930 673464752193 246534016173 13489574329974895
7730 8388988 97930062 517132
3 6027522025 8380 75
7034 605866351397 37221330 83
970 7572757891 9636208 610965122
192902999 560097527838 97 30048146001
7 2816675 453527 76470
19327585 33226461 6625477 2155459691788
2 789052733 70717 68
8416287733 297717518236 18406147072 44830
83805420 8424877013 28 3
506 3125522214 406 499601165513
311 5602696168 219313725 16446358
38 2157668810 7662055694 9777
4 941547681 3781290114 346909
57005 93756517926 30896826 6
50 12573667384 748991 825
84 83584658 3883521 3
4 425565 5036683 3311
63689 6802604071 153324 4097
29 93594 9886472545 90623532044
75058376016 754356705983 55835 43791
93 25273 8910612010 200908965
89 443 70 86373717
597 2376808 20338 828196946
1 93 9370887 36
43 177 569 64693422131323888
7 552170941035 92708 3323
8659 961877417935 725618910 73956
12 7207 5 5957709611
8859601 185473090 485209178 3316480796521
907 87806 904458 375117783188
855696 718463405283 5411785 5
15719207 91543744634 11253675 7480471374
68 71293 8618336 87309109
1 663236948 831140096436 279
9 40123885 823670 1309427
6064193235 188071271274 84079509189 5509
757 139234557 885904 325442
1 47 630 727
5011464 47533647289 296747 8579862632
10 67831 480607726559 501134865964920
46170 963338217 32872386780 700
75431202 634406922 9967450 990442231509113
7 70 2699968234 8745
2 7973398963 7 797522039540699
2979274800 10384177747 9 6
2222 978626 42946187044 900
989852425 7182762395 25088111 87095
2621948 71616999 159 6
143 314092916731 67991 398
1608 400532 573845 8492
616 473583293 784534882075 63
4136 698857639 253 601700
49476772 401021239 28217 8099343
928590177 219184916935 28833933 4
83298 5014450700 77829 5295474
283 96824 87904 13035
6716 509722201 1 89306
26 502179151726 3 850140873
7611041464 984580545644 90 228854
6350193475 57796257452 2820521 289781
99 123374982105 92 1
8 29 6606758 611
37 87434324 771858441769 1
6314948 58969497 818552042031 5756588845642
7455 4025451 692419322 167
92 555 6540 33487
693219 612527735695 73007 69421
379516 42562226 22381101287 43
51102373 75980817843 70 1
30 762334 4079 6
75339917 694998858980 1168968231 492096869287
55 735077443 86 535366
791 76012337640 78 6
74375109029 325421470697 880960 59431
9686 794339671025 889438 246774
6 44481 26 14935821732
5493 87780266809 7460177 5389990
5 593369948 843560548 58661464
401 46389 3 959
1 456 7616 2913673977684851
9092 362473 9 402
98764 3391690753 33117302659 452401
754 8591811 47825 5075135562
909379 63807685965 100976 6
15 409 3317319272 77250
899789 57004377414 3 38
3 9298 33892081 923492479
82 79317 614099 3869
4109 399304 411533719 22
8953671 82898401781 60600014051 65
359 7374 498854 75
9260 293215537249 957789971283 32
786865551 30878252086 0 18
9549 86389535 555393333 1
6 3021 68125744807 3744952
93877125716 446667425585 78 56
241952 85471643242 452246 911889001
1004 419051958 50 7899795
669 171073 51 320945626
707 7678631936 755787162917 846
18 4502420250 491661744 47405
605 609 230796 57222057
9090979 169982658201 942460952 507993596803096
2043 9858483731 3080 5290
3 8 37944 8829
27279 235026506 94628316 784189
11103149 63816346 903388 1559
706 3371347 69 4649036657
236625 1818913099 99819701 3572
52 9262 92653331 93757692
4552003 628338517 155905342472 246
9269 18920 518066515783 4511702280366014
50 1008022 25 5530
123007 4821989943 2927 7
99429 75819944 5372728 4
56 71 523 3659
523565 72684317 7164423 94964
9421760 73552667 650 24350
321 126948 86 95
1632578942 673334959812 6595335 6024505187823
10 44 59 52115579
193 80502099335 99044 34
75389 380232687587 92779206 40367
36240143148 837141716651 5248 36
4520533 57164923 975597377305 3589
7 9243944 796394 4852
3 7 359133781 3232
39420960 863122961560 572318 1439
29388395 5128486470 6902917796 7
146357 102481418763 536 275336
175149 792373 25 9
705 86362 3 7137
66 7989 9320405530 6017
805748 13727979 111 5
9021282 5624841912 276593256 963764
724 562437 94502648042 8879394327170
5 4189805785 418 90913
638553340 46187522381 25608 6982
33194 96785640067 23409753539 12656
911194118 2466475136 17606288 54638
8 983339559089 5323376 149
7810818 1461686179 36851 78541450
5 59561 36486599154 51
1803 45997407388 7124125632 62324176
87528 8993944741 92017956209 671487635085
96 30097 24192438 5064790
1 84628 6484 1
978 20969692933 592 1359
644115 794848728 613 74119229
971 5465 6299 115522
31073699 33553007873 212734521364 417366
5242554170 41247525770 259998 27393714
431 15490946711 98269874750 35
2 3 7 96
68224383 582361362606 5693145 4
6751 47711884 248 8
673416314 59236812296 83 6721
2569 693843106638 9871 5442505634
5367797 497270916 1 40271
9 434141182 962278504 6474945628
723 7275 99405 60391
23755046293 206815902241 1698709 1
75 5780 224 9
949 643039963051 2383 9584064
4185762 6857472 577957242008 7
8 2457995257 10644192466 5869288
718 682665593 1 38001
645 953 1 55
3324 320440710430 5 613
90936062 29786821324 1 41240
87 9900466 1520 20930679920387
37247 897982495 80 7
5 7 76732621 5
8400682853 9364616424 371564821 8599540
1410919 2200209 221057 7390740
10 4103915 409 613
850 619572 67258 4
675907 298789758 219 78
5 526 370153454459 533
56674020889 185381453002 175804656783 53887103580
7105 6763801590 205048 7661
787 4870342 9 8
953776449 6670736433 7817457409 968158458705
62 96272121859 3 1
74 6865470 75019956658 1986032154973
5774 41442888 4757335 456441532
8925198 72261415949 18 23801377
8 4934218 4 52760
7960475 599935889 869 68
43 9257671 538945032 768
67 868 65225 50390749339673
94947 947623032 134677933827 88317034
605366297 370854163825 29828 3287
596576 66232594 9387276565 387013
51164896 7049901873 6435 6742
2679528 51440554229 428 575146844
5 260625 395128347 275912
1481 6697807134 348810690 6189395311
3894001 30630798 12 6441660
11902 756357 92379 3870134738473
34958276758 38715732467 262494538 794
54 2905 80052862503 3386605903804752
18546 724793634983 4685666796 1
84773 298420624087 6802 69532122691
1244991 614144859 1383 4676
970962647 923721389523 527568 966
6 37933599 662393842335 767308713
1647665001 264230374182 184415964 19
1 381943 441454 4
89 19333 49231670945 1
85 633334896 364683 23373338
1093 822482 14113417654 3662586
253 22312516856 322 569049430978
7 65859 51435652890 220878312
31 816 1802 5
250235413186 586343828820 3794274 55
71 1341 34 9612922193137
4 311695638 81 15698
6909 995418067 513 21
94 69635786 967 37
45 928 500 7
4 416160373642 7869 596728
8 53792242684 1676 444167662744
470650 343043851681 8006 6761
75964 91008285608 827406 588
9770 1856404913 16396143574 2466211
3555 499748388666 7 907468
2181193 62634296680 62385208 854671420096617
492626 264078066423 87631085 696
193613711 41606949207 9459 14323
66 2851732 451835700614 700
8 8152695 85543 3116
42 7454966686 115183033930 881708757234354211
476 504439278209 839391 8492
40 99978179 22629640 1117555002
641241 14043821318 677 60
8220 557622 3402 7898
44 84 5893041509 970
7 948519499780 50 461336973738
506169 257547132187 893833107723 96
1638280 61298237 246 1
55 846431256 2509812538 12905
1 2188334532 546 620076
1376 64139935 3785098 18713189638
1 862894 5 8620595366199190
1744 2963 6 3509691
462708 9797625 2848585683 9
66386 4415989 59810 53569841
6688964186 898549349467 53921871613 7306
79881 340636978653 11707318996 6392
5001 26880012054 8926782372 83035
6446 42326562 1364070 15
9303220 805132679947 824 2
2484 265211 82841736 1
9 4383345754 57427864763 53
4009215 8922796882 9128 1
2380237468 86376837540 84396 43
343 18756229372 474 37
96 8853140 1338935590 389983
7990 542802682 316670063 317445159421598
13004 58655515641 91793 557
4 36021206853 980071635 739
1046 588713247415 288 5406832562317
8721523 569107697555 3013 45346
4250873617 9399610953 9867 1
1 677 781 250
16 6120014686 6550 1
7 627220 970895068 67
7031740113 416955068459 7949 4455760665654
9672835 98596123 70 4854
7 52699182043 8354131577 15859817578393
1044 7071723913 8930 867
21 73 2310894 73
58557701475 89142161791 46292374651 1371
91 75927079439 28164815537 51
385 2926 854503987 87
3 356201567 275210459063 8854
65984006 5961609178 28972917 76797518116107
6771 1828456617 546160425200 56536
4 912 53604 901050085161718
935 62599448 125698057886 44
23749962 10138806022 1583 81791
86494 644580 9097583655 6
5 737 1333740332 37956871802078
91516119551 255923981016 72530140 92299076728460595
2313 8072406 681 429
898937 4775229796 82 787
249473 18130037507 9254802479 91
447 903841517 844 307
23078468834 753459986619 86102 6
975 738399 96484074 5084382868
253595 600872414895 27659936 6207819101184
98 485725743 393296 6
5442445596 7567146189 2326020769 157
95075167 159832779249 6387 22
4 61401 58344709 998992
1 79 110 4
461535576 8295739566 33690535 642097
430339128 6663621629 615171 476
0 2883284213 71134 919900021763
71314 329893 383800 8712302
51 6282543375 6 204390220
9 688385 76 535
901 2419667440 9358268878 56106063254220
32 5334063338 562881 5340259535
31066 48035500 70 7
992 9889101189 5 215009359
673486 66743792 177655914544 243331
3 973715570 389637 11359293
95 2482 584707506553 2
77 2742300677 84985 99734635
761164 1306101245 89477 88959
6712 79357046420 99 1659713223004703
915166 9924309709 6346216070 46
1 99095656679 12509184022 71376
2566 227616240808 151928302396 7025147224191
9 5013 3023 7
266704 23059536 517511328420 7445
531878 8632373625 94 79
3783 23152045135 535799 1592597
6940 58260 327817 8267
36 5538077 8434 5337293
438664 50355625907 959485705 5646
8 5109 87 757420273
20 5706 98 80451
347563 62265594106 5990377 5
51403 25973647 4760924 367
57 431058530 89068736 14745
81927462 92441720814 663246669845 7126565654052
582 3354 977 8718667388
946897645 33473117355 202 60146517
6876 78884813892 128609708 8
71497 96156 479001952202 137917
766121707 5333243773 3 4
283 673312773175 87979 208
8493357 94163921486 27947381260 9832
73545 828914 34128 5840451
4336307 84824743 112913 84439
2 90770 853523126 1
4 555003384348 59586 690
8 93 834 640
377301978 4567532301 9020548452 46
9468 209284967 355110405408 6
93 2038862803 757 37
18 51366652298 5 8
50974014 79709162886 8374256908 39
15339 5948781106 81709007 585731
186406 784387881611 76 34207
4557 31920731167 954 879
2207 91080995 6798915 936308
67170 789418047 4 7721
43 394548 570834508393 69
2726 91308178776 295 3914
6 19 729419627138 66
657480496 86455642687 7 729
1990 897258 799 6517488
2970 876775 7081261 8001
624488 67722718 361757 80759135952
531561324 749954205890 3574521 3705
7340884 53682344473 20211713 54
3076251 6538775 630403 748
498009 62881210120 99 6
87 270 65 4628
9 36530580919 6049607283 2382
435157 89953099 727350 4
6255 74170 5026 90728
19637 85078905 620058 451
2 24138980 83233711 2
14 73197397 701 31
18 344141 852 7779
7 396116 105 661
79 326723036722 140851905015 493080
239 9314 675156151313 14467
1574727 3530462 9163379783 994
4 884952052 28091 2
1846 94570 8380153 858
5648 20453 433990658 700
7569 691567 741103994 634
8 69706 6505333 6089839
44 2754612309 6272486 4
79745 764896 99909806593 73580502018
83 2498207057 5791366 7466334
10 18344442 2 344
945889897841485363491634036674362015116979751053584885709677442 95637327646187301381936350613869390633958189498190142529519400177708163212392584228878502961219765 3160101413331379899146546624501624364417582604452144083426253781901081099807854809540 7782012
9265092284325072331719181816729545182764698709221464 2136820002023644328952076871911919690860400508912495797191815860407834 750712471330717670771672507229943480848886921296955329328008115516089195733293715414 51
18 68681030389004280604766574202283257424592039151826137649262787579686219913808566049108141045943709 8018249927690222684130532 625
16128035080695880389840460728145894521219806726736735 8532995005873756392175621960570242639118170413171352016077986210854296324038917236619667337791 76328815898320347566010496616056194055691056390970300683962 837263045101
6091217 3793886044177293703843524641567275852330045498900169690247425 20630240418627993114967577517924296035517123818681022082435936977 763742747007266
88307970566857912564299963171809814600365230468 35397111509178354754306797872210072647699470724276307817387331 911054709146387 85054624
62374573132120186247888963410160120882229110 6630235406465287654269694834119998700039029496 3267878323273322923605003063973196124503855088478 505591753
45674766767274526273591994806 45454920103268178171000052349236771 8393964686855762225788876625769338203199864388681990269069545900738373156422240701 58901
5453819481432746494252414449271226248578577177579894739823865 97121165881994000057549658093180003330548278997211182064482808901173 410307606512791987673054413974234748212252126988772977689888084907573997663621591947416695613 55
5397880777693248295669990029666678121568376340743328740145 8425646236482730590774365060289974278951455344458394524553023277598072726557 1243813259887860010586414660339335272717080538419385089513013029 2
7624207703012484260716613357289024206707 41307730181881327144816005091963660691535104664557101298149182697641898500613725074563738671 95881302892 726600
363808423169495 2369905006217827952907689170330803323463821239920309206637667246 88123087532881535880891873854823532308890501578057929886201000904722642839 677704
47939126551670616920592421729146826530 39779198492590649725733535462348021195144111785094515608375537 3212648875261235232532022820772146427677718511180420998907968165485517865 103289641985910
511894654756 207838116699764347629773120519076104141665021313668757763330553813618 65537365599487292943835607897705007095757365042404995456 1789597822
421971239729028685789055879345030499303831343699368038 3821052010125851344266300599168769599990350844220607328574349024415783759705 80056914507632030094501280093294556242667737832237929428222495597217290561 94735363370
8634657814826630371354728099176362 3356168632039994090342647123715745949425959273134509780206279168122153083543302287769277 7765875743255914314172324 773486336
7965516666861209736637743170010225609523846433099813294632161715 40991765836806170010257441568897495788495865324800775047302392402613950225809884 832608388940570 84896
57545 7639110910312363074611733617065057846217280770363418342045219523521562288166644700891668105 26080074437099268143376707459705353396379083671403016127047987 5317225650
5521322930481086846661689186823871598019109580374508915448394924087532797805 6533718171486821866448924221881911663129065479876359004342698510014328659826682328344 78909054440341885134475291066933820586286603444776682839718854281461290854465315495691609634715380 7965487
92767443969495458391946923543774288 443449026145473987889047083081850120407055360 33876365723 6336
2845866932059570 612232766047525660354199983438157927128443991118833445 17678695628018103022094 6794454418
786 74206844965710507587791807843 6079380896142189462216198123008420947866014328181947433278145506743275 175
209598306773138436226699788534510950394544032786904960332891978964509296343094412688126 2965523129346012332178349240143693169126619465434646630870460342910645893558237541290871 919192383945869573969572311316231097017 38444513340
8 7996030291253349412860329656887776434407874349057940940710880296235474585012077449812841653743101048 76256959306419740708100199873211132723552504488433742115 575
941198 4381808831485404382183864606126835048114844378461282085 11328953304284633523385295151678478429522964 3
945576184075808739579329208874842312 131302610670924621023846121905726289103077692739765477964166684126 42119173449191085617979822310217955220078982743388018023212112858057464631110202280158944131 290144
74773356307860838468548 2897992612451447376663527854318839004414397629886356941574729476750461317607629082366672421152414488 1355 763
1251657812679 4232140092414251757659351289390010850256689227573 82621970208 227163
70729817061825 254368578745067590554140413814954811864724140313842575382 15889321402064599542938999555815698005677788662097942964 74778395
126763750079667408568918675092 50698667988092696932767598689908052774246251607711058124029916973440867766775302959 809692694032619005596583354986856875667194302357750553509495327494157052943861755638697774 776905602250
60088329025633 39174716633909779277210045998182 12762286693 913
143913374377372870662243072 2048020311782722582367078055800156211956173920 6585212703146097535317073096150159933 2637819232
953182355467526514304876338448606059866944673000134399280193932583949573 17559468464130670506214390442379996068889104874832617451954452932278042604405467957671777441 877500481894339074875934508121802752155532111794971845897885 455969
5401016437940967372000324669590089407405266068877905659194 61711610430154145178172596862906177501223675723138099157917149684056668605 49267862824915155607519362662222796282766619027443063284 84
6088036578872056810684927038390253762 20518985882753552771867978315677985477191006676679919849437683981143996371431790542172484615 7351025571786597754391275596923824718549682648505089929389492835334341988689792 79419
778959538219398511 119501196069042009842996179922289773475193120903739887543027568519698068529714608982 4312374331735266758652342691725756057383160532013998039 703
41237318163919610360681655074521788977469016 37287819304302037808270796122259256368187264927950802063008753115924928298 32267228419789667269391697762095189610712206485375804172957342380 1258872
77973305616167961538635144727336846572373805337008423957467506898471755736228260966919 530561824824804894251091530078602444640630328614850279969251677079971180899873797545783 3680668824701119228741 3371
824357554973896546166801219530641298 33632068896870481111252007678795289794892770882380857890461 283417857642417755077875380380 95168
87609 2180923178300277334959872144799264961754515183082902892821859106768771378284 3387444680942206754177203448944765816909711686421697537079357 8777684
9076427121211586742862201457094577408703 2440163369195710986244570478173612861785313525868811438382860887476553161097859870459426040358 98647828788728985984 19
8 4789959661223492777373824098422920277784861 40773666874069516297967548412925862669109588065780675939293496420567798446177441 18841180
42019533006441204875589675563 62317989722164572752517728700992707843816933391617893946010819822130102135267489356383038682 567616807976380223442433871410259019988580378391282646205348 79928
38308595988 81750336539339188114100310148937863 88928736169 2704644
8722952147559260592120 1396678704971716766721658986863380046850336883393222931547 13 20
7411448583 455033579095104947834886 1230626534655256531906489945887721327933382668043716297192720434090830895137389 456
290398064124703116301144720749821482642980501400784 2431824508831565532928997373060229225215219984593787486179449 265806018445192316271143267907677455192796792600737393968914209079631307 22
4523805434753456 9095614043135548256 15460449324350770103719789319413855593957353602645862196912596211742213648100 3
33105508249882949267 62767091032076041433268252309312918811229266004508 17632613951621452541242177086748128744641282618 979767
7540922044651874502168032010094 614916766073604013238091936050050364838614 987967009258978320618568548704685508685117335257067621608534546086655351781050050024502384871266192 7146
124159629787807674728827003831089137345412624339340962405 99689638963195748709927533784306287907730805725143646147725662674935653016050405496444728017841 21123938095653420666945047800186068661283431897 1
3306602231543850882780137 83569687580182391835479688491473903632884506495377280 122528 391137081639023
5889835657192875878538295596829265901294550859526667526663280443036181 122043085459838713173120291183161511663587060239674880335419919597047658733 390 9
30856723863 545792270138444173735300021787922 2729855590292547303326858 5820
142728065662724082448371046777756938121818671581204073220327947556 107924878465496060048550838223231454574582554633917297252701134121321658191907471455279804 470788904543880355411918791016890342285564837613057129224085265045172 38362
781459561495854593259829357994676 642672147314786205550775165397994845528054213336044 581869174775433856032499322414336401823591266537791120329321430061 78637513300
954828255744345015020781 853670513374673577305392206149814831752114899170273659634362906816848842359433323439 4323349660027 89050884766
3883303835625003125927322057867168572214508986758854415290011142 4721075518809745837637045729779082484142351604705819020436821953826361832338473535790443112778613 5740378054304925098558362496 993710
7440320531623895262926589119250348958158275773640631763247676826 1308135253423482460358564677692948684223061482835028954757905487457341378 3386353445052010982 28921268281
210499040756979535341669594367835 448902595046115433717359580306577993956806063396991974644670327603131326457794600887844632030770359 9723122846053698356401122205973007589482501918112489170830006313631318400892558911898 1760
71405663125432 269369828027187323303609251785161449986715978723975047594911078971593191746196584286871519768 46438654681047496999642200374918670952722490850843486249121036395 443381
722324261780246942763997921570806789091402360721447784 57130068445183275149605165810435106995993008755820771025412035929248480139122840112652783684444512 93991894732023909897096047335101937188008135914486938866264985780701440936738086492353267821514205 86259170742172
98189115644751171255218072712198902511975808 5505833171812149223166568066734817839871873396610941407891313204297788274607586181623897 588724501385010500193438801734513204628562551562416982219144332 89525335
9661344200146079156145431623111285026356833818921084754460048249444898396906 1882306471884885523724286450586496651136104849820157995182966334532370271966777917055602273 8620706621 724383625349
62085194370127908918855784393914467600521001915989956090589063499112128209960153501576715 266987244647826107241594237302002182579518808313671643654492748565508585886489324516659602096689 780439702299855575130347439537850736967610588359949051907790610150083324057253227 131529
556729598674176666572425404680658180191549235791802660576 7901526468351605340641652507680068233772030047022837903179902122960693378812872529061766537106 71649606109599028736971552108976550935781217630238869022701187488688046913685436730 639734824458
688137858811231226813695927366418715405819445892706357843607857 834347973294811541096878429391393427173032310290241257916529085225407699575357789069 8297210399460340061678478013723191507886146410761836072193376783793708971827758468575039590 80008453314
42634810 188203593660870782574088729684584106022208637659156927938208455503562126244858035414081 3246045372266674155251812308877010216753522503174324792434683696049730077761936 9
9240596087871712028495456362186280061557512226991088570344 26697353232724494487161973844391756738602464289534641467879516943798353825542347596062173950963 719015635173552352764111 498615744
49910 5574220749717716076271547034541004583069772535251338596579107069981956721732626741 2974231225621654784193651328075098818764590382767701946013143174722841567111669 63
447252436342355046179577930307900506856 4608836481936616146697695127865845820359 3486112613741855013603737658158983776203600597722843190868909728121427 2966230807045739
8519719349220777 7022810455087220982320760599572862921770130399352469011368791186431064190227926206987593661024359 41761325241684693969030488692692151358452161451844236058574029118944052239508 74447026
957102239877266842316729783253993033057679139981 996610861778463181288205343661559408469273410627522635927940021557960403651662593157411189231304764 8272975663674155268358601800927 441723
7374859031026704707161809 2666533468778766086210568514486 299178787314680155663080369566765032079109141155180432411942194924313153 61
4064345797669244413970221135757050713347676756 7683765804858477035231373497239682938861613421065953018966179280392109013209452117873813758429438 7834312492022533 611
3496520 1196463308185039952476745315074673402894824752580429178951864497839323129980207937859944 2210013912468148118913191263626363780330911454041907077138 6
806426586737678877343350495194623055299783473032904220757883538980195 8628796258992288268968418563985182610314556832734859591951897379847873503269271685905644 42797541465239 6667
726 243433805243269082128642363 13195931768211949606050789757887286222015 8142
55712 5427391836272985111555256164730878388332879127556 263997352664314731257490233612405393538186309739806109223585499331047480948 960
564921135711342604548197983206 57181132650033977213282844650192263987 92872101904330664215979730227495379193273 7879
9932500427832390258760550667940895988327838730272792882393 3071469007802229965585394794851051579684868255004857772887298532504852919694910594736 18098537958210242128947319451821242760243209450118278550020280230647684163146 4
3170465940690253955801368738443218255082421657677665512 83361345606854919070597416890294597305194159341427006423231982932785242839564480531415 35850724225839130580748876034622805021906055219889404853511 745
231 3055838263849290980341254580178675858638655873144224662559633046202852250371473978472426200827 8673616048024213303089735134303656809033782215798527626308890114365307149044 44688
6755936898371035 470970724595667794273749020174213777501497776080035749801006544898763634932240769313 8033300764964166115977746825065385264014821129388921204908806066205528504 70
9189978526280214727101051632503989506739801 11446182924794441378939418492136951583192766084959790633001329854900858730454692283580402774776 834073486903582958151132032056367900858717630168801951 6116017609407269
91151400 1503440567315026853915959 35229145920528364621929 3
9198287043096040286640129356378346946245191585814863 8244701806061162953602344559887884483267028111958693870845794901585240181837 253376211955937323573603516735726495369206823218854903107578710422626397 6
5 7414518829542774831167314546291016293291618415983657419209061943424141343196209964571 74518492352886901828409173644024782650304176265121 88994
18877643 431519690086006568898930381541094894442306 3082483968144591374323688072226732057184711707618712045834556543306371590535848866078 523622
8176581957845761536752948184943482815890703109749496649676040781052632 668819947630596878504981364929480244684281379481847436839484965448479966590124144213842297764973 833895320052480367362162836 82
1127326007017511802590640291754956944093895 4277275751148023084082418913827659772619682038093517963682044805997618944451899667679292 11396981576184453618436053 6
51397179810389044752819705745795500248692328610177293387 172349428885799575825374145533952036840003985383504137466652880612225376454581748 326638747309 2872358420258386
820447142697333716129273673330629 55087753631403682270256323358301242227057309560579015813857542036312907065432364524798 28941075102884183410915647147838982623987880340024931304865738939165898227412094223866920 995
749757945690225198 285365203859839989106969897967710059523535672721021866512965300077399774378645083576924258094322555 275239 552164
633939976114019526275 887861215774868079012915911429493290934124585605628306243503866684295211461019838257918225432459949 22395400112135688069665281842283403350139802364280838987878193004162171318706724 383
70965913741844266183523669846195 442510402090955968659474365058222440657735228044317 989835529381767514362113279780727445036821509931274976833587754153633633534126384775531 695615730
27651315154103619488517733447937261 207854067640869020203251249263472063030863671811648989846472017410746444347262667963 5710776545905224210796769 9
639289273874593223 9143826182352654708174458216562067772790642294935477810867696713089751733262925497200869 9806353592601489468667700489098861538237224248356824117278111148521464 363774320537751
8017808357557003472300345089584651 47715940555079613552475077576482894325555358049207760377514318 90066254853676849684908339125720482047780751661604552160412941027199617 33359191
60789343774343121119250505127116132287 133037767090532184657419850690855995194089539665249101307928106524161612674 458250916207295715438986959779522784775736689288293110802029929885847796026856570362111789011037 9
50173150393363154 458121185566466914024520215111075889581066923420066324401702407 182678046095197812815084516178595354349302468807265371066823289752896 3970831
1 623464683564967839401377391447572169817095953824660001893432858091753424414466471183803133049270 9896909476921829 9071
72067431732024992134352040087948634405383202745658463903760157869951009 374659929348561503322407681964685960195114594657323828209777006934820654612893478 10248680905 799
298293120468112101505496078415205778693357426118888813376154119 4573569313463098540958491810698838332235650288014569753839672530370904 18929297936341967966468145138443404623223563483852911791227078353849428662337664699385 6
864876616321839372113754000178784827134200855815821543865 93783117282983296799009652687599060823187714904311317745147385700422455466345238 38426918549293920443271816367664916906902466430662551249912427 2196
7 13367317486408279031662028786087026920543943368718 751585808426011132112188308682567503324174859100386429824440020972595529874354952647888398784793962 6221505
54456982416205065152444583557486882252379378814615553924 8957432802939914154995443603215413010486822540259712435949056788319190457099278765585821 3078268757888093426273005027098791712 753468
6769508098923816245831192728297752058130846058557503654810448382089990165432459 6982745622289949837687732540338953020193443262613129790331067897251857113984964179 4349496283243412731628312427209716 135084790768
78404991578097943917648598394241523507397 882587135931573736495394285466821755585169140549620576562136008156037163816903657560419743 2118 393917
622327087312336 26230210474376726750605773405013921232092429679354697826371333051049683037759530154624936101119 3594968327177051215889900556567093740312690618653575795927086330262393849252950324425 67
26528473391864 585926506457717746923866388411252894636246323463270 771 1
594785796176149531034 776115171062103206436582806050384709152102846306551427570060542680151676943510670424827 98833522385698169682946714602146628380979147239398878079956358244660268951408 2343176529100
27433427276873552878285445768442096605776268154 201104446865744228056829940347838796646229672083698579638491769827188069151268077284485051369904 2192491614193209981102983430201453205569098536351830008881106331088166416021737523905130 56078
745022190521205392058510 5007901288085703473012440207350383767869610219662687079206501894517865567506746381081308 68997181413656538648533499010147713 54532
70998113077345675994215347679129563695517232186520029748 886284595920966891143008972673166271062030856427839989721158942668217446273676635642351234882 3863932 9
591781421133632449540602222273 381105588801137600449115786681508144073237732048690849761944253662419132947 36425313305713405742824649885045664990446043139810626817 2
9998727720982427601484240 19553934711750367424861988644501826 408987461983894114873252818343766344478025 465434
797283982932483304422416242471935577750714899089288886678867926192527 754993919133985788466362181286395645780737646234448135501048443093594271307695650573311 816849869813154758864304022826311714165860746993458893 532970804808
925080124947 971609386563717871499887184173652348223 37478882827773 26061
135878217413268329841863040461043359730531567799618188301208 146279789175718054590637150845076340036192838698543805052935100962924609234650 629200368490871648934542516918901391871152290279242384910038 99
92375083584 44301994632552 740401029039450897178489719975785579 7270317
9238 42964303793736393930718293683886 57 7
15752323431841981824189 85296956101638541998572027976805451903281065607484274730494504131802469486 65167967539306598497465246141096395676458671777 35753954293237944
1316491375981159916522261365431248783281835189 77506431246994783664067700589994113040120143045650954312205741763295419 2576671855003078973951378304702407006354456930481 573897
853398030 234652965700498443943552397663243 41252879465448084668672095716463128978974837602166819625012139 68850
787400155538373849856583544195702839059894024549874 279666104844945192442390835291736462130928410716726668056325170 517319375296279 1
6 193389620836208438223317380044351156426056686095729 2364888686031071552416966986693493 2760789
183444951723705910154296581393073439567 407890144663046545883188338032417535816212174396085972303673984077780157702 63402615084986523816702 81566863
76 9180613363275479434859604219417226641775093668665670340353548392147010960394352547873169650233 6342135699521876822262107644471138887707347700618281271657517025930025015035266618182669746 10
6931050687845465804437738591082033936871400371795523546 409517046923819298953440469294678366065516644874537253289428729632279233310048843700 516242178400486702907709751307545234300216126325234673932661854204417467 6842
91714892276966749971543758360830248643752841 76699679313205474124142612057271335125746818459457076452882862472 5466118771914394405731826204500003804786108298136035908659209750875069568705465783868515452640515449 90742
1656279192 1352922781492902582254665563116081436819911852434602490542660 24704251 1
39973104440264 5758017548444350245249562088 27371297425843328510094808267103123495542952431353308023 5217432
89699852328789920138292087239074675960 106549908554649266335089787484354653599369206943 42120044987572917465632464371268832138 7643547
261580601263561628591 3143614803200664929361385182472317502220120245032075123733931908 6876766242641972116506009629153143581819840526104340224374779336377207652679 6
9542 9544881195451876 898112778152062143172645628293517106183827836404 264204632
490601811865204270409077109378250987 645771356763452600989778835695464128364416922755248712558695971791 1596143492861040711878996576702831959891102858969475715 61963
2172420793548 388862540580666287375764672079094926561877895 11555984838850431849042823717018538172077022342882701816 5393631764174
4580296177429914710066419962 17324944439915706672968396293072060660379753923272099635601061029781280845993159008501664398 22921067485703708077456663557676437553971767811684908079302482251027724794 7
1732587853440749683966427248667347231872161887081908813950376799536212108846771139956713550919582 6814128842191762240368946235064913547033014708540598293887127318618852133167859689038564072800710 728344036198400043990449846587207386955 306421
3457365585551521515 561626993057379313257935206661446911167023635584075296959454566967293 92155366116193657659202185874482274796757668176869865803276814750207143641058906 6
7245718 20309416574074048822708091166996778348907312152 53522211793026213728667727083 5853
450235662408470 6192528330542812572903154203511570 279847248741804828114262689124146022768048345602118797670120541466744838262767414985 7729
6024420234509 9116287017486195925967689273052 21842262085990026199558700637001369457435377551581941505924253219124426278310853543571069 1
765737870 22773939216907399246035384320962712362505136147142055771803166185718493198577920 23 3932
8500993684857075333063618598793478568464 24101447011352625203535453495829991361875848805082740635217 165128150206494888534120647894495139038440603883758954281 38
2852490679748137838771749719650269675110420220053685358011688576806 4798578833752167509980478482613650100400808914542351270376879550395512198619897824564558278929 196014876946102915416055507200324657263206 4494564071
499284065337616969013769138607217006558845957768708 699874203110229862937248640413325958842007041494475968372131630117016454814592 29399230384595610549224713677127380699692322 43
226579968387818996239333980119938084661769757936467 687937538844842757003814419543696639153948688031259488077713938959326049054550343797 5938107869401494356685359127540256507590252531978412191096899458609566702284549116258877319668162971 8766702
752394738058643800358004998843304205262856005 67699463727434452256178771814899931530715909462264539356214007286145153572 88946335323065149996553088855144995308507590866034123692586872446957330749948089890564 53016285
6860417683530993492267 8628458569816452495929770166300837850385882191973864708438386620328212273 28932734631938223049967726203945693581897 48730181982817
19153346589314 9726176063073126274526498881285805128464007645455004412576774302661111458263166 40324912285 8783467086620776
22354958101811052196838566372 950673110506046054243662427519751584471882602388120318520881896426441881511960013233 300532620957299020161 7298053883388
7956183074 51372445943195856894267025853257018620028147215584925460 40852920287417437171968231252477777514675763032109390811098759636539707532024541580714113887 11
46252145739136212934488779259057772515123967272309767823896610862059436605468273 738507574059086509519292854594540597742519638685082890784196254490900540864155639940209780 826403856530266421788457210049224 20330
7365072580639811259351140 9915849180975508887322495531104819888795914135101984389 793835624334490771267693713151689701654629099117211647337867032478369463862298667094 3369815317
9787556189217321903851 8484900144876847995098584119664483778689285079421026725273112881388537377298393026656367604 39628608744652727495158 71940
122115549978838782585791023163659087672 217948980951475327787118451668467587244993044554444245425119461560606532209888268889959190700553354 5880427320340428356008389733260855204219710795557732089 7
159635719947620965470460652949855161786386302382633986999941 2851844922435494254942421223311945797825392170065090473873443524163400070768461003808585795 84774833294204186458868788060653054146031302054150435993656390369264511280 629479944
3423370334215419850984188777003012044488 96833388501555013794917228817332936252214199830019374417374914220833879 74485140710478694835722636193258388962442272358856411827963226767913094356658432655494422185435 929
675574049377242640 12092450846834847285782609057517942539043094288188652376440439094461094308666711028024323 11186297196390012592370854457975373672 9
53258291021372368657 47065930231563477030575015790070881 147502628833959075318276603977054776474805236151778735373205110737229644108464 521708943
88307909833314300084526 86673371541214252179518792689661785724053618870189008714663 25660669179196037431 1
480763552861645947058785603354005732696914157092426036945035465930613789641455501 7009112253939857300287070522887443959019347198513962160788182422701690736495074837990760184792968 5357536638643656730588640631920437645631027916607065593619010538067395 8
88074659558615919350155288072516 6077849942122091702298164859199550954787368141064 5015308973197424223730248906965662064005171636963 23981701139
969739833 362700978100998935578054529010601273447579073291613133043940718301781463279688433164892558840303 9351994626064 71
511035707631174086517865281862 190909760597671033685366780738644457178611126791320975220435029128550353419971211384346355258 3893906454314003563941024715303401756520726234428 7938
660016033684143225020839428634128979276092517 171860543594144630720931351593753967692495045625263328328058543 86413576813854996621598154952 963
47531572841519110477654619088276269168917162728611226388105540894628360836417267 52480432878099416100705625152746968339591353174055921041446809275246191103452312771133278371034 219017908945709400286176167730091192965487848955455857655048092549110249185129 1
75902244410925249190207382705879733851672898166 445863879158986527463746433486624580246852550040766968237329050253999561994421147743993 64046084639384570863982911231255494109771691055208671327884519598250042362703345048411629659300 868205
174012687792272867 1914998752346455602851807108171015599652479389 2641015003054352864374788826241623853680648817844635587035186629006200050164844450483385580278 4821711
4489 4022109823313405550894990142890739007884 1298268876564640745290520 7261
6987837899552852 83157806746957133134461171452943407469378447494748982629804 279236309404802300696108359253196991128859792597398719805 78
45663976034590150 5903848196859807156852059466 5511574251441667998987258956519542754573962870910465027291191516472952295800357176835680 765
2356175659747919972266 78451483171806974481814732440150130079486018566556926219 63235214439 9
18267535484958851662757078296547514914603268225560159774803822 204420060052916500539721714795871810803610792174293836194767905157723493230 688559572628523477032763714488155 43
9529952193293384129802808343320649 9772229045925992717804809280163761835507007727 697657378418420198348791699304314291523589321336276075018918158850091833311061927 12
4287 8467589109052473301617844299231201607222441055307737386985419609237653544058514635575958465669504333 3207519928412441002945035109754755141658440878691765479049380276790021493497 31
719332813042077107912267383962600558604054 34074486936961838698302538682469145273848154195080506373582094617038550147006 1959045866788585196240243460116061252098755461917883172800686 8002
3297951861738572785293624760741233508573681 4515663178793213036011632945592150234756431531154307874377185074543410057975370793143746035948972 57752475508932091352095387310603180602277449764904314225504199917303451262302 603730877181
14 141554771477245178119585040163814816598362 55996569107684366248146578106791604068066440737438152 97
706594193431554379030286 613322012067198330519456160784393564871078399052273448215038303562018595927677522272622 768415877034497962979761998651746855800975608235552451466941443492608069393379542 2640640395
9311465053180851599586064221965922775468 342855581699658106502243921424019589700821554 97889043111687794064268251258498463849925497376032566132891677 88
8261893415804184945703743801576 3192931036199024541347405523809416688761376057379787282136810927252571 79547921351228078448 2482398
875679896657424786732215 3350398660231900786070870192737282093880489775735424914295990669202227743967 879466838394309083968204300066236254074387595052689612175942827547 50
5803660342698 320514343002734205535021320300525999888630257592533435235443739150180863277333220054401 53592257734595378578644729099430591095776 977036005059
88873591918722830880886726 548848753924630237850544192798683725295028951243445520198525543964202617181675668593531120941457 4956594119174030662955662332135795717144515949462524387298978027005250499032895856224 8500
97505218793399100181091981101274 1727448076285319686821441243704495997878755460356147318313854858082392679425199734669916069892414359 558089 46314
7130037833800859724723784296252528204854895300704778570707 977103732998622416762956694845163744933213943436075485872823245992632603495405453115723 92545391319160696234252993597451034206468774933606394452507033723669478106883409901102324793633415 6781792590
432838312875513 4813848692265800157275022106646292064214287439836 27932912287143871412579466963081979440835215842044320090095697861867661861 9959147162226
5078722292711926183 995628807733009081359555486550837564734 2532287660780918183755064721327428469869359550280756142009475757425882401762009013884 9039329
898778537379454230880791222428487273206907 544029012087726129230639380754826918435672268663766749630011211421453901946956658855679999 719766738356218078853442181787 5590
203705008 802837228303292678185002 454148190986014226312585 824855
96910617175417339891136877553204704825 406226765970990425877710811117130775629128718957958689616583 618204116057171475564725777457215685858844448851067683734502591141 21259
5676601589406105737802 35634567112898249593945684741906344291126047022142191585802906395155 47682476549683230790726632050201124632135404141122765199154296904452389715778942512 6666
81519077734857819809685072 71546740556049190401346938091908520742861781301900153284704902750 45146192220930344749607462820085997433137767150963013 39089399750
59694219427379372348376661583191048548934 643034634036784004861745847751556300557164096689084715187698004618591721484 77614249656022194720796030283193428359262917207536706350781855659012020919 4866429
8629151233735985786338698593382770298602152253897014485218077361660614614834820685 72181258141929107032603060149913207609399138667396108791483083068648637344013614676917413257 67747211380859 569
317764779431456504916 6436980449553963910728901096461979669879418903404862198012664977104845602322003679537 5021919836377896743178322520547640 1
1392567689961847111095304093660254623863614 7596242970739773781137777305576287059068778138674861462350979324636545731517 6 13
31282472800 357494182163818044828076446082390268689423782189928783635016168650 7064237156673958033 77049
257731595462691343315611570132189206461449016698 678996749686547776650515885295949037522957517409098544478371106449552569234508942097 35260896312581854433765377002670 1634
8730 578320 1529969608666625669191929125069678871885313883638710783988593292796178193753398284755 15
47804769893130 14406231059994697188253164045369290855 144206849735 6412
5239206942292832712 9296093638058709253 27060274817372939526284400162854825857164265066145442014596118720802697650942593976 73441
93754664593052629513630512292341678 2552873716566139093930902367411520274361765189581808003154390855851435102635405037640249204038458 12708920187103565632091488168868668203210885850669281082118145783 54
87801273869739380180046719699655787280630840334426304 9225112760147265162903087209006810183801529554034350938200658773067337300604561807857 7780931178976387448940676542818964108521032836003684091844348912737652717813027008497707545557 6860190374766
67690982495401179635691622547019782547940852 370077449471370893101831493246816514246246349270238324 6653596802435828998492866236991045454992893908491370 74585007031
82580654387657315442 4752707007071186647768807319499298970546733622392659 9750652660835240537494600997171232886815690755953885617 3
30541464240743976181321955999183878 46521713101062818199911992686837600157 497084388992031666306870920665 97
4201 38442572532398297211814124549017371764055881430192655308761406785059553615510724181036 90118407933273364111773964227833305508262 899645222699
32 57939462899522621024662756544920027002069678500767376759 72484877870114 317178940
904814399513125183063111158860058713781333512801 3869857473081940841990807258112438075849662647083896683664289 2932757462908 1371207973347595274
617485801028 715392858862658127 9193922008119325173176820720686125108798675353471940575058770912089083488204694713179 839
5177679983597 40391901847692537986770038810608932249361499479261131506667843054 37353040142139807 959
2680431197699678460556426428465116314222563042981408029620000942964057429971 1830559374048168591617649652048243328685041064555185847354050025291560272444070580962470896911 5825634314089894121595581798093439436309543108067946756255334987499527222174643683940258991951974450 885839669
89172381807916548926597721244092177074791829408700854149883551 10838317929494208143011730331719913736308652901224505339934682747937752 24569913153000719576954724554679929242503580972018087115080681920538939033966 7
470390533814997023177846348703734107919 548078278696898081816096347641095216612779697394385836720446762725502287 9597522242605631328775714260898004857142549233881189297047078908607236475545857359787438 561
56588799637682709628661553562254171 893669359236704318489558384412180850417614593374089345271686117107200413380125963306665057866 6490129644356312788766892815339868721411191223684998028477233557788693740927933360541652221768722 345135720
213937658046347482338153528569391929834744386607996828555323 1750573632369670107269956065217788338228515980976757148032847017139 17345486047764229228212635036193853156576341728629501094440309318133939798420787988543466 1796
66335914245784199656650289 3934051447096695640482925441478367918904504 395061315195320575473042895743143639716764854206246 3
91145987668961168167290176713902020121254453516889717 94247689640360819639762821583461825112242677865099174 2633993087900946257794700702369700815001503615731710203499999564336271195101778118435576145777 1
1758354 40467166720053278077277746860381528787499136900443445238461706026354892 1273053670579 1
43715 622245616491030825012445009765966936361117042614345291888363460334453011760 749134206352 1
9088448348788930070942 5947471690412028054968747912260772605704281 36361401785192283689547318721942847861401942878019595589046093078555 170
4912690057661267202908088899663990 464750467405232010348392478625234059437984174184770199748943187363666819698391 24470326399068483172450006149 949704
98735 86423972 642266860487713537785136752998143277888009621575359896370 356
524334781442397 7021955416928056490421798802479692019149625003381350832104191929755087940632355311929990160274165092 664560380376027275078500404551347 7662504852
47375697927034120403089947909946426672025809534278896656068937812797453135136434926 133112082928133143516970254519741576644526212180852758961120575366376896342120056743 226932689392237763972241822281083606529572084552866399014142430936216628100896937 1362
321077289871790208808481088815733319714566280965424142683687644806622885302615037626632072972586 8469739932106928166279187040989797915951427981345128346704025471090882909802520184681795249328834 244368018325245323238 2
50503755189 22768450898564479967978401094808179222867333356172145289115902412343673361432866128 326538416344482839160202404873503026660868820618762995223182504433321340336836721 2
13641462613381087061233190222853184969110383047017901805856712534 9430099769027978235544093270958776168037790414413204279316014414605965362087745342090144451955141921 743252712125938168928815494 6
62136 237080684449449007950352917021546464009400205627264733583338819975274565787766158469273025 57344150778472659885549 3
8463465083587209606471013060393666791687921573331474814683 5141820409800026827986382989466733248613674526073330230244858100931827812904151272817186562013 289791048797392286594866759 22
87466688126965022331027493726907814420225 110496629294764052774739222318811827945874700831904402414023272189228232 5105151540994103665432525915919469764885316413529766326651460 2469504
955565930940079095643036626657638154619503 56385989047888325922353760332911147863392755516124477955489196302509067258841073458492977280350 8529077372594028850985777795613367102501176409677809449709176922089288185019 51761086
90099640161578231350970993905695337461585132877595 9233251191837983374512917955499398277360094144336550196 29181700837225514699233416059443749680041516951997691261758424 65
140 8471502632563372779091541035605473185700406602282581406893125542496205637982240379 87520750543 94016892
79871564376435789977428549380875979340648646422844252959044 34860207679354492809621127135639302580104417923910246835437046377144172303276 80879565800941982377677688752581943065393465426011346385657571972145456826012406837017035 5720
62727749833244 7704469198029868499293971105126291192354747598523 409053725 12296
8430064636811388696086681517906 849572065002352017388105556004559650905733205989165670609 2677105181069649873351195019780990349427 353641
916517007761768197546032611211768098995183187 97554388834773147871274732092089906316585465961305340906699031115 7358089630884411553909638164609410837961423 53067
3556520639600512069822983453403700651815930926878 888072664693231433985479946258153333112103188422020535461674256796067874817459246 1498748186324990186804339458919860461061842730645708704 4174
341504851894439038308795 554796839887388035489082449991407698452466 1424852425205063758465647625972970744179717331800653837267918118642844818080798666077543896925 5
623067266106185515678 8015116125412882728124694738229 3555192697596623367022984401617515653913489659599374438723515917474459718334669557053035211182961868 3567980022
6500588956612833162102051265634470083380370567 86304906203654754074334002029749998230219886135041225466778001585151868096824 344715702913298816816658895181924428706529175628714986320 358345
131419745899019425571495361009 6719880063911591246576783693884502372664389485573600635616413980 2545677599494619740540598202039594642820996218251397157223459529497562329159458582697305 70
631038448 41359802364735017995796367617448154835356007942877 1683336010380994083432931572306262844631 47901
2 44031063465021472068450011488935185785706730266978176600417564098910548768213446628815 31671924018561910889803920368914549548887293992360256371690786725897 3
568155690924499260836357750 96443907653679740715753171816984411797641559928871601571597068363654917697186 208224758500865631096811021933058615597363399387786580686344793845582935763719017995657663383 62036
176503 39627199 704320317840860375712267285849773872984273770018670607487549502073717312488339368546505226129940 2266253656
2 153530918932197516641550830665263837005536315000252949682041626620488653414665 479612202748572572928560500926767078321349094918319022470158336417280 648
709990529081859 340114916042830092176613877519627812291251320421752333705 8789360511822632034136792367375060374089382660280309521461061895788771126693796065819272803 7
2470886468818 692072127920170740228393429646020246202085473076728822846534392883410108622782571597718 71785661706365523641615175270726588625312890993924162 3219891478428614
540962659745594 60775869372814729422033424885825503680865 93764983499790469142780421951869249318318869065265733516597762656188447653145357 4
3093564637134710942016779304008977881415108477 438096863905770222651681713017963003040300135978685526901248 74057360316064379061745010805900282304386126085548033183 219375
3142816896419306922818148841042398744210539145250 7584977450139880643729399360857887574132282320140968509425400333807985151575748572611208003502 82211695838777861427889895022260368073792395430729815345657918880982813073158035557 5
87402312645568185 942167357397430265082318973107009020038939152691670465630 646708789845729576060718469869678972519218981327072387670903535 999368
430021012778878556290056595207078976448789434462172958538639 76277830435975616478781689863395747455824060886479671713495230797213782833 849580197378406894649605812958185842769304024840790978051761329406 8
861810629956331290044742614983181959 3027416135219790724794277654390737228346253167170490821781963053562393716891621 7675897338146025937017587971505013958791539848301462588919460724453474292408611368641277907240 605
3670139682009243611341013689522734112 6433406718046253811880442175154755514010 81810997467749547640768575411810522208256536908687097065620243576942505760838681135405 673
15029086666577405919305807730027914625227150386609 3045164205103309006961830407544367550953540729690267578502798284 452958751654229866500893646620622017803207288534500953589921490409903768269028759029 6
449707076242542789964528 768349512546279780667319240066588712150104393527929281654557478101842974 7541902814446526629 1987413408
233181423391450434976982898187856034475298 17307235008479969025313021519214227527314684802527222347113166281235863427050445764461623 528143672681836763372835407698053142599171729378203701738679537171805628084351 531469587
608996188591693045 1766086342329174805125402962814151758432246974132520481830258580243644571202913 70367385974691148751849 30358
5 99772669065197 746056998398733981976908385177514420666488927695404416020754552501 9651622330
98765051102036615624682 114261519552086295670039144614455543 7948441927159070080618755774398276743997657 7
231774772280749560367461838246053569117656202403845668702849025822091760 192291312693348697919192871303615585460303691347225298256974457963369239170 56782921326164492633 91247485508
90631723284009482499345 690519850198737850080129490002973880760025358428408259031 7305345832089534402805385545132213727818837089304525 1
1245725416195758321039799740513781667476754517628198956839937110639527409519393211247738367 6855235175849820943331161902175659715987071239795004673298353250438691030219765020090681523598506 135086335191143414322039860397466 6214451516995
1380167324804436523812 4917790802085405067300069650912598 82489691283098655219980674406100584112969577899095457732 24430915870206
40859 29679778284992 4647193024870924842266593732815166465670889822649254505173665104986248460507140844 74118464642002
94762033964309993045873748194935816089 297220572687335703761565293542936955797406815176397332822305806352002286902634 52011458766199564473526780298442 480
5 763872577137737629820452742488 858292908097447555194731586111412311795743416972370114183611 50929920745078
54674458859905 1384168535362080291301089408218646389782892854001355463709536097357281518681944094346778863 733272573332146655209019748451876516 503708
4903184890 368118073577163839176209018537119156897611152323758695382627425825786046696883834604417 43980530777962 846
9605311456745025 55610941665612644484671979715197 1776047200168112874381837417341141588452418820537530881 191688369175539432
5796528586391901770097305632 382724106617566318446967843397 89274112240085107550426473285818514352498538685914884890116 766076680388
60457565133918716438129098006248305755635511670074686659721053214490559 4154410497345264677578618869603789120260774957749435786124534951902718592 691618350077360647764323800 687
5538274753783940379313259221119269977506007015205553 5591019564226543784457529236130878406965343756416320468924 826504502648096124150939367374232323724398736617381552962791 8
63376776 21451921674923892380995400392617378851044890816900326745902278533262526118858450630250 9930125354610737982672286981339 131420283
923 5536575867305662289931441 402599527013582465624754318768293688253993 1988
6064372740923194031455621325986158 2894618683187826878364422507960929345440385807613 784752483 1
9727651838569516170732473766524953417074821911973492914 418291981151249470845297833748217708911619219418719210539203107591010290762734787827646422193423 1667599706489746525648759507267087890439328861740271209144 466744834
62596515779764216456267519202660449847271501090832 9953403626105502175462508002928302730990761257341812952985168694775975605791675031940886902028359 639821413127 879488965
1778142630513146287008090 11047616396948325718418151171416523991168754423388312238 68929551697271268 485
68417403030378280344233052218357852325534538739 648122281419315849709496511761063298480806562007095191525530877577318168357440 5991887323819089765747178870247345914881147911829297994056822669778502897748900550505752013974 9208729
34577136499961928270708664664693572909137662256915999185321141559792421082614539547 899745505082604877683613323998672413426093701538862748270055124352959293733482663783600422647 7112049737427518988429156220452485930599032379967 5968216731
83559046585853600975940877468500166613581779323823917465397 732034465354086957848782928634587553932165414097284760219275280356571 722540339721526956289326456609192075558573310892716108937 4719843
2637660906087515866440996433 32641319705742986643724915397077816912188108917086200591868194512214323722842464844529647261235988 63299 402570582883
46627211969709724699542721266811701664469626603 32642374039972665729044331139565054891076687499280836 21040181480904516260046238324 70
413392751820688405809200051733986153607565412711992658461240793831142587434459162794744 9422687342426630479367055266092876549294935921922239654675029641109334526969720378585981 919199076113390374874993 485754
5732 92153758031498702099273815991562235463140 740853179717770608569200352189648986900961203199854077 85697076
356222661360060 707818581907353095955073591790923740706851862242508031153027951088094 9815488004577169308195469151972605213373418970107001855685793074445220018424339673219933488844 721229389
765355482515561815576866930916098533 330224213214179838774214391114953107740668474123248738087580924577867184283874673836385717168 7505475185 23391379875836
24356128808127006619 465908426377098031596544820 6058362212910995593329349746440693 8
85527 92028948824990351156369758 4443809 498980
981920581369543184886522622620906024789981443091796177586241565314155579988160 98118349393703915308985554041236761644148398346407350907250038050487676365259407528997 464557105755728762453155 79831948008841
9916107 16551129113252976082693164080638386989350390502230267229486576191532971836373973149 203282670674510029356933788263936621452994156186136948816463 8383539934
6563 1047565263620 179177307867173366823364177393571992001758879704545692544494892068748946721667998127344004 24992121603
82727587775998464056170046237135654 9093045019437530981552342220332127979454484213876093794204657279733426833872106779436788601253 4672020540377762720278110689619947434663149595952300026813091595 3
658968959086016959351993834448523671167609022469553 791968996128796125872498390532271888693967606260338619975908399060431415464432579437313498782550 9463901999 2
1382486792802888851596818551451032070329225071444222843763 85945573851827599937621266548861382899331715537052076814772029881485913983190560 179823007385535019141228016332438018867697602515107684268447144959274643411302680012 4062
449096353439820631254109360596807630479140118999833710072783354960 9924749509075682611243001746470206011369043633623648385787764067475239480962176408339192539409 3191718453255672786159894486580416048480250784774446433768099608227 7162
889227207545288 583542470579232002224914025013315064794148737632 4737560510107156072756562151324597854013551 4
12353042797054230403973600364865114466081842741444245048353722784496041 8523176191340490599578370709526186988290529646323768039278180756551955263987 346978711498664508449880968 82430
7919187085 4202573721916 8060737735841581244754663838403596888577418626327330064804432591103432455575718071143303170722521 98931272
791553441363085668886545018367116168900851253624 897563791662960884638934803288287526185979881074610615996221403347182600880444 81529082972305652156906004457082915818079512963938070606566764974679684854432931317 16795
7 51160698631749833598850896280704 44512831462099627179512281430793422067497288722070299108657273537622317533798558106245440 27841771
795919181138608 44370530729124601309889941037163396144894243759 772950060090345709392897847377743836611858275 29
86430875850600179189070576605782 499416879977125290733854709064183183887110313722554900953 6655769628543860697790665 491
4338296712113643829304029222480973813052 695673354362091127367862491613758522868565776603354192968868653503284496582409042 5088429275356632257724102058716839 7732
582042499613670129223785736680087456080673040983600148654639003017 4112803874287320881374073816404248831513291099206220614084609793518081311249 9552856178242365530445690344277316137566304773131196334857057894336821440203177328182838 432655902523
763 23689024793399921465441928127292802015550780808116993404862784444023307573936359279 50495991201468458114733286047336684362135839927337726990492886167556 270
1774600034175328503151932652212536 199307299984228205395461385868026906165899420959 960941630639940312380068386063509732445363117006952436883302371659766 85703
554286177835281394375923623740528 18496324719248852416999821115111118059741329455968474484551424627099613611306 7375258328120568981803252087652099815910662590614 3716
53856600204595963561824780710512964 1950327179468200639833934653719304828735027611773708147663024780972620751620129240 6082963115885644443005816568572685883419694932753806761292 9953005
53231422310189975149440766862845261120851541815423 62205782609768181496256909122863522802636382191457090940587719922778346401799045672 438471870667668648821509704672275747633219536684984081283862637104458630 822033901347
694708735342450272407030557260308927 2508367077438291295494581536220952862920811765701908024978905365126103548335016323819948 87460644230597025238235197067729947631569506302991181682 6874
2 4427404911189671472742203703296261496487 277375261560277834 5534
1328553900104631586954387785367289421739352339927568867951164 82483808583457286250537521468752621398355258644222018784766087356 83544580907324409248726850751126431742298611550531591761 1
7974112125735423258931488601567768076121262250357460292096360252 320319139320244146376168748298454380471656088695576232256551397549683466 30105271346767180353158063704353121120708767342915212 8357026327
41296966392712772 89598467233515440072043904 654478479984684739810365670152167725232290599865547411252031719584122351081717876875372 534895223
953501033337902863362967093401248908067380521639114160926054362 5049655243512480591226996468082196556949754293500817839678353478940598991 6451323651013548995359900105082550583 839874724
9275280 7837162346927836926 29949068581 2
454974852907028472865384348 705194816984997392051571018021092297014349803144657108244483576475 651226468265203 583127
18335402585389044198254929697 991553490997109847615881720677408166043956 65721471 22470
5576532 86248800845243321718970282071859366440239062386516340868778919740861136396726 94136381762750 2
477356764583678809926850677286964749683753 6429457674047042435983361639161809822186774283396074757894 931682780493828472459182155839115178059291531947496 721988160291
46270331993537612836554 49579029606503070387901206908664957784462701652979 304463167996756262809330630168098672641274948642637321831423476600725813459269845810789944 408
76151368705253140 2083575017069632004044029056330065233607712885 548862278315616446406553932411281747984475887488668651225553710220628814720496212 6583
50138570117 76113201058547435775321762682081796245028439015030276054244013029417142618146845646479 39786086923725001163020841465635513622482042840176187525142590059451874017354966252043882 85
29784402176972629277 197953433021686698703019724433176548 75904470 587801006032
46843375719685800 65893058137600895965647214 36337686862902172642585631895199349975293237162578099113307477684643395420578186315250526 80
14986937411966783 64225318325338151934674297164361275768463209018 75501152980063 3913232
6662462302157489935 65022995879157896868837236246195902702220508962136341631 5099 406905231
807207250580856248103152756 96984700094422786773515668280949210 95506135253 48602157318818
72 848 81439412256 4711
12070943744 4434644173334173896484777128649079455159349676710645 6750675009085488919685334605611848126022385065809 5306948583872695
127803226857330264741697180437176 806299505061580532153265563675783688783109134040971636141825455673024614801496615754706907925 44425345835961620468874434088945183912020896411764935090771893120941212867881592948589426 28
33265515674471013064940695828425468535632407365696789904018605462668 660465493817467559640617492680708133778686827873506462825444829936992 9086408924988520370428502535997878918419291488285406158028890579901210989652260535 744112724551
10424026173770469336110753662140971074344070714053845835162033320023492281352165719953 5666214600488063602318417698636339705714408851348800784090770558865029913844986086328044371481357 413807260591228121079715672497212927674802137572655 5073067
98907948200864917339624499940 163311648445780325051537424037 74408999133838186028063161877362189626706039167071454963961938 816635347
641523298286 227254547871585566596414280568848560139128660 89875861480811692923199603745788 3
783 990560012 141919572081611265552436 110132174888
7405501596438713556 978093159035833674349832728236268011687489794601168993 792357481588226097624 1325274
966062852234486733 28790755643674820277294469926926568647088352492768765847924727972816819418754252623 5924425423837179 2320656
470619137987677239594489581 13133695195169256935885808142 429992597 488477
737590830338714718380565681525683886100536768696299005914117893341210508090414908749 317025862458577027620343031187838815429501076339336139670131327021252206330083306536569 900293375442559366543813654129869489567687189857799582104095610849258017 405
5261038713251225955092002141 9391903783075929801755118090393846466260099955937492479206243483809185195067333025577755259712404 6978186641305500917044076453975176813738831331 16384525335
75139001136742291393165902194809121861843952988899528908073 516029130865822154061014473340751559375020160751457914216208135860821155233 3952912287693435709869732706626793570546393760296248773522143375294345779212 47420991
97935406238498166337174075205643900222913161836 429201266547631533944156937362370228586986032134051433 6021240590671587391375434999905495895546334020 8230295050
1122933258293862061322978 10230982360514549975498165268193832057711638750597818794847774380502293829840453 7041897733951561116285735068860516115074681216341882763727980888570533764 674
3641035275419074778941994785676150889470888 299263178165179615304915625006428495832371977669961849625227129178801258761941495095886098614582 88912303962 1
5284000594543879610653 7927592000186788553856050043012026514981818564681742325640200 7126217310833348559885042491333709497651 1387919813885580
53329976947284891822663565203132459440525071858 388428401221136590961497470699343257362435521198081430690043056885561436542306998438 103916824275725605821 1
9499726554539 74852068118199325229824928165441823131 9089899000125650509478737984889550375063093473379931787071 71
11779094702734446291522615526640979983049697428130338916540870655520419721287636610235523954563 539684236797046639317909994609510501154814572709069051243899114826326966144565396734203807143680624 56591184528543034759224267383259071504266263 8486687
65537460234 395777747721118113185082366 4328 9743
347179770324598829507212401027437676387380048064 63634046450952523885314591178720185248551345449750298816118158529855924548626931207829586900497626 294532536 346396680926521896
3653364138322090358662759103507226339460188182730 81923701947501301695088577556768489639056376776246731953113331615753250937673814 4714165438378588172603892679179368049196025911709597445104 104
23123856739106425242734311378632 44165066144442002946015239177356947313192111210440311912316937196121546 726647743237123997321753916405213993290166907 71
273027 97619123378707765088610400692892364181405357624878091 3594378342790838411572863925485883256505359906138477449 8
243230011084 4002581048675152254479733081217100673456210800885731660868166263482884617100333327177425176594445683 8409957824689198899727202573845725797810490127641564308209964030287137987891662724000563612552261820 394155311
70012336542229483663428146980151836550 15898733369356139971955487432744196509424583076582725343386722919 2575393529130428080304277527248472 2595
4135700463959498552935787932978007682866901923 3371787212776100579712115795160447780282994046250940326151322341207051972802356233 597761323528989230850532946433330009834618882855705203 636
5264770481411643413387457557788577 346651040762330022760676674987163251997965365677496669783303704969935963732930976242963645510361 249026083095960477746671254890405612630443945750909433365886336879845751263038237601053148577707106 899
485 80277229877934651303681534687193752350 1386253074300306 63
32060639259549570599962696481769396496404859208 8214088094984015207999119759482918066930041786615017949419156468093437469735348 2599170513981657428565992171362967480663314540189 400
55687524583301768560714599055556445381888 683322850644536114274089622476524077983057 24715639516109506958895366254263548049143408775780839520655392303 411
227122299910052652658682186665902 2856066922783259414950846774740691479 60651 866
364233252868 2327628582082257068102343312881483590121287149 89496605266615515298877609680890520364017803286347723574228256098281475883234721476 816
254449774476984 291476018818354255283524537930460145984496007082469645254627180744687766864493798354225434436 9596777366619797370109675308700613020917500006451 9
615783704 2763700957683003287538939429177355711644463223452 9895989218085294294727728630664291285959014484602356633 92945515
28003402714 80434660806656805029650505459689632595992880089621257745585397039868445367037881308055666369709 8540572265669262241835391443289873488470778056563915175732965359305890407480 234968
52 1939391691336248262184447879183 593752129391561365780497288486153321 716
4502918374360227141 867401849275715817264947070678413034056319738225830866354551756748944500470696449274289386057 648032254065255852959618231577972495791262208901358466285786977722891481834449012700045742557897277 7014721099411
3 295226204799543311281774304807737825818200695428641616707265194 797741330882827939030846559390679795781639550347662693960068903196099491515678920367 63
9258357100 2339734927270688693124091884311660606987317897887358633560037490847890961544922327346390926 3562 200097
38192324974464150972377620006934406736 16533290461267700424720290840747952224488603733041202669004770525426828259571213 9804687709297627816473633746858363080354 11
6750897047966689106127245593566 9116662271731751438006839055345229586618471638456006460357271245615501547954490 3331415673120578858917400296662152572235390272 8949
887820870862624378557 64722670372069513837421470408138259805888482233135406441614153016845347606408994304819766828880781 119948927036638606118226411588407686091274018919311830229344362669733028891827432112180381002257 995
742520513024851831572066433490797426521705476016198877 49086089884071496447120989893722578376184971025458050447854289093140759099324193034574870 672741165619587597127764 74548
953305996348299906957694449043990457051 308866008303749326837599637741955355357427291541544753164135764324978562306 90893 4240
62870910804279490902549573101471058454 6155012462598844134930942525127700855718439824892662443151374 28393269352669285253934474210516375993294329625036433957860160 25
4671935565 950956546443603720228132653239313989451188613286231475571938523300206186034171638 1264593417985525123552186921374883230048419901578702677167315378330652840280150992819547969139315 12388
7338867461371560456615256964479823967035772846888007969 79496382268374232390070537578047541891658893903510622583926455640378000549072037225294277 496797916894825523674157615522832202101096924569346766338650279652754086676133371427706124306268152 662237767
214876392982810337450493877885197931809423748960145248266643624 6010255512331206161649506037933508375398181603139016607838240255089287469618398423795280 89996 446790228368732087
167 950643496084585831867770791249828993594025859776844834900506490878716449 9 755
5252705424927772075498412749037820553948472863747836585172063753741 583030514038959299318722987414350683799961789632598706703704676361905159857059688308226079844298 794536627005676404221612948440420502090810200110588121618484935854 154032
4993266301620260437858664235106696446 4980931405417583083620457210905671088090344913 4932485513704427676146692706748002387537702 8
2330310433145537063301 142479905125991479246884331977512641811105020217492860962398045081941796342 5979697701576746349872226669081545450079969611439817774789516951022944520051053303356629231 8611
46463125716124699833 15229552664293044325010957557603332412844388636159070 2411800694521278410372906469978060956987 86166410895043
9508761423997917231945718697072968224220386653297373438511039340 229233979167097078762616740305701625989926189241295035256537000896220285444 4145391475790885065453874651 175
6919483143611834553307018140284261030 1801621165514101017455982786199131339673347982936738046400078511175127144912204600214877935276 63348045846947884 926886
2433862201 7496336498597557311672123264054857993286663138644422322644543463919947296985197559798936417997101805 5864257174022251385957649145291643665808837233875330775229 141189
507079327044181942170628606774123934693174253301455155345723210727054 839599930654816572896289787880676032289302354615719064830217002448677879060737613 623648223209941160 934
50 211988743 4756752598586376612692 767049
962533058929969854591017823098835070 1001057936657383382346570604377197862122616992013112038104 1633389777783134004809610206606499367166042892501192173537140627260478860202449620 89
71260056377688788287141835556561653111476 6524923300898358556377656296301150909830609200015799032483 7026747650237294 377
296576768644501314239450 97427060681879495114333650549097635375596865841367540135994574785 29890127682936921745123568266238 7870266628730
638148399985335474729189053340362899558309 87842399018743187412941170248448159713476780932282357379626557382375631100722253580003794311320 562106316012026079591778387269225441901434559217659819721487771790076426866829034 59
1303560002490 857882179358849650910281359026983992764618445717931115765026207441012527415124568023632056972408958 40998332656065145577330522004803 3710
94478383355568879832443208755470212952685925688415436734064463745369581027445789931438955279356 352020690707506722818620199082146919982518269198719743816411861855058659833092479990551567153449 371681382292194824102 6261496
83928610555 8443445204105279405269394931292887819712420623533568863698187403714451070529798029896165 73119570897228863941937512363061913730061904999834038906301 3
32659688185899402760557065677857 4237490755566530955192589135302567463674209107972905946255766045315887287 189666336665 51462581
53798371491013535906867248887584456972301 2350872017195649889542400259616639340704202645390171 217580262691436 208297842416567
993707804694082399 211041220533014537110413878618580339939362 52316466574357538165667700435094116644215840 6230520
76798743703748847730444566298825 5496526492152586324425888859328982600780089589654561807905666549309266202321571138027032349 892185026719770770624514300848418033755111342556474327711660564084160893 8
777401412413793524621 627086349375762309041464703631446385226983042731098147664836869405158580947416510950587 17188840922341436280401011529520607303 74425831
231248150474615714058324859327 77904980468188501566669660012344751355022 63644861219722289819278803132899068521208361800210258694758757668070301559069183764536437760 894199
39159215488910847 805918457045597940237285988179338820771459459564106320 7887617310676096870572505240475139259174095332910154453611443417414048764366143810796 2134359
51949154055585260558461583016819733529 809423949629193205390270121692113525626346184553332 2622003888994588136707270756278 8966135858647052324
5806861408953730191399297594796446 80509705645630603710715814651414753647 10439941779793785584133787820617802902730452198441996676735748896441569286509982351 931417439466636
36565953830314263964500315 231785537515435340719934268536773 514159066470674671090360005373350572331698506238196134 98
16330967793089271126922283630 25385838357541444913703074392058164323424217814470209715963845174852921449 44446811 6430451
97425755877720374 81561001381583918434316237316161637114579459760351717 7499454828257128273903053612937909289416317195410713327015276212908929650 1468549469886
32321787379613459832434412237963209469272197 347098876153602967106846996395910243906784760588507774747523943344972466383121852 997621981495375891233334956497147888051222907231047569959826013926628254520509968266564 278269
80248190490632661802958 636083452179965898511646972757298327854847127544 4456361494 7116
41383274715962354537215 621961613789604760543357417899660683617672860735068912170330203683262614348238377713804374862327 13493360917001795465198359776047 837
5662534488593935000 83474402010512515627567986204819109363877512734579838212817732870700921688654568899231137253 4686 6926038519681
59738307381445518 830759787995023155692394639266200578242330562824773005104 4190938695578448535357 1032
490142832569438471104221767561 836196823123860201476719901395213425636082754198293208591401494788154853932742695299 219362439057335951924202429341 65
5654194650 9849277685759234955017857284241440845986699633073211101748681439227298337982497990841276148774112 63572618984534631129925320097382601794234816640964792 3580250
8377358028336 6460881025831581400771133006734139265965556651103563425 50675101881319704736206747093134063840959978815000 50
18606461125806570813671349748332210960249 6759103645129059279439043128656524896993853825784854156284638444569664169496483236905 51422478728883667528294222700321398681473495155745011454675864146349151156828919391962089921 8
6678848620342429908857081544747 79474707346511807144005220835116362646054288011455511563274099863607255612121270368777886486689601 91605534634681932460034322902 3485791939500157
68819602779 6568044539331047527037507063717220847773594017523983340982625783643761175577736512606326886198169 221897862054712547 2
4038240676680470 99296497220035814958227321066571563557046553653053495551538409090462126 3474032706096434251758114042105325482786055468446824347937691717561417255409309979556882445 6407
605246904472164064755385528866352988338470650449040386445635047133702173541027882869 60803551957740711985514073479659697754917336140596798972913925414104516605961394252985772044492469 6912884632823224490767934010103955394303324 1
3906661884820374504843302785546558 616521906667878897792667210622706455323937365178698204 1038496620251064292427723891346502762 349713632207193
4523899018191058685339796777844426299851545479830268 685996057076157822782657806104318073686031826722318120655457564977541447653 434634925083526497812739418518371875141973484103381146049060375268589096251791360263734496 72444545833
6532759440325413557377374 26940083147199753519503255743301366272388348188448691500186848218652240288249496707609800738 4770260175952228716857141140842803313175095066492000466993757119038440799034384078571 71452089971867
6952553868232993034908437628594126 332775061611962633388482528832385921393272600197490382288596133252 35064683447888758957014592403453270883095508645048305091 6
86891957274880274802809799189465406460981975742572566030 27952520456648761132717837747226590198080651159630867397628749977352911750256661521354730129030 18010727359559030942481650494616 702322404967
975571978942889 4615791368306274753007232287527537117218850980699763098404365310135057811010 2308800873154 1
1657806592042366 91613704835558762115685963730449519635168837602928339070567959504562975762375002641229437312548237 1241646039451267896710369268060764926859701344953465253 29
81303500834 1271799657324022173354513302610126096252423584834787556223637598519144986767942188077653 5917106313335523968821572764874692446480354418134856536823344392595377 70861
149782701485965520787028097522947762356 7016932624032930527258575962115151418877180245516606726413412680764788828784491 7769476253183090385386147973667148323886073354836734892092288659957352643188467099 12
149 956754572068061216910019785176425446103764404215773455692038401906805471122217494507605395 5369783233095199761565835741358 821
725767810405871285205419162464555676364116033153045386788323 8079497910133620146598683471869078690266946304175186046843940557872094807428 86702546666026022919532593803801807106257120571279047123036038158719610611192321846 2665
49182552731773053456 340759347158747989660627673003479888025165474341992223736754398755301 4192315375447618398737611015270276 3039
199 2789334857932270790268772310901950150722 81747074838391874150334373300719324642203861381389738632979 2
16266863636772791927141714453580992869 58961288801561469620027565599225666179805841815301207233 52518119074975967552677872479444792672598163833352132360138282674125757060411 456463
19787577176452247522708597919898772 9219357556798786344914837779922076767793013626909201479427981706276298851112034805278193 440813951442622394348332006770531947591815094818928066669998 5
32836208716478717184989977480324282420156363662274152 270046756072126512286991853249416122998623571043977471353678509469741204977832863765807393 8833332634291170938987099854497313783098844134949205603596160949423554779 1
8373371346374115036296386309944972686210450 368612924307898606169083261829352687709753639163991513742213104606782925678750 2959638654485336921751747871259636133886166661084969 38597
13342608817853179116587640761393246368069464882 98939166313829869480767319985983122415789298421854254764 7903760087715430398222489121121653842 32
419666226906851 24584745585308899765427778174402133444020039690876503558810299391424990369209134528598634708 455 7
1057 2070693802091063007292994731033373178407822527281558521 953186823982347427509900544320777683104150873436754338655055847697466 785201
325361010262557889238254 568988221371512194047316763801355895364641776527092657024440859384810299824848244549245306758981969 58133257304756643665329577776496753045832155999901145793089398258 9
8185145220162854249518136465189041510150506069030930472631206241997422987565657 173547619557016027386499212794787955749924311667208668872776809890508533536394047512 8213817 904282
5726313344421108927134320254639182457 3020495171106894260297155692967504688551260651391741177419234674286486195822702197511623414 29311321665064729456693675021672578750672997378254698850510 73742894
7216944495131126562576700 8474474576893062223292864116267686585862664664213825897359100468055823874276515794550113 25250102206244635751968563620329560947631660 159033699903799
8460429796203194883541811086 3193152800993570811018305951716414881729957049331143905448401248197389254417709901815829346951802456 6436182577003632852159600801040409799766028775908515993165849967675506900 441898
1370946039053486115285058128283394804247045491092210494956 426351252874142846907016534631071173461382508584526607503698736944848935340855907590853878936562083 84761678172287215 9844259837871
81782523454197 26944673553723104009172561396029162141233865551943576008167872875086671817 777057116788763355871727710295177623461333354543312938440163733895562640669903984382 9531
18712600494661945074316562223879 8716423520868290095534240851292390034439931675194181731262328981447104136081524642151255 644865794981531743190585760239220519714976022253996407023927079050134 66710202162
3547685578013984164734184030908617694817136431127351175232954042163 61543273991041186194253710311087938245258253584471520744220281296926286183663652581891046232306652 698815973026376899770303276595 963517996854
514862316771833972463620481585529150488534318545473663382405 45562643593763788633239965640697562182644727304768746023054430110799255345083055117393100277452308 2437934036001869136908877874477092763726271637456062509236268707708234585 473186814790
5917931726041525524147642551035572105565380838046492 3336002860338644921661509154548603652730516554166484444076 329167886867678202677484990085133600762669384751580401519258718239934927556354379777399601620478 54313038
79374849577 22377578465683301755314936236337242929145967251050 4678901372018912962601965200125564530553010939228352223426545811540919614220531978076549105 742
9973008608573106031348 9395555266845438913613522500243316428252619139553306035587925264496566216405782718106219 161081703102491822281263884000890858198627650661696001975050220421985306090161256999450750009826388 22
308706601473801 6963288159523284921316431265983521810112425608333067271452574890350586784 75156212288 3484744
81453658956369704299566062260321 192597696117139459762277234739289248981787109392003236955855363566028125532415462567023 43892012904857167190088373346457350988796 112
55054831792578 96599215433617404823555 82700840397890469982845350493966555663717521866813277106609368220281077 82
385992114869117641941130643 8862439565759532656692718759140014367759321549646845521214522575143903043792 95773009677000055153058878159209172045865573206007555612 48
475634968875120797017523299 550682269006707880552538366887196094035913182921469278842434498072886269242538410343365 835968347335156967900979772402558492659347347443295410720858200745248739506811235 59
502756327611626584720420973251668338 691086228788774454351141124344704420104742775241334308158736600347699 485618908112167262 5
26688117036385 312966247305379204071508602085258848323014434354447496188772397128418612941520 869707232884112985626254976411196539988149751462108057918672643847885791604892 3
793979584172550824911561742384066691293 1043544940298179423850864992959599475428725924 3656254467292874 84972080
9777548039800349 4882317342114968111117325318109607643530360560798964516028204476844493270409073698 3551142459228014396988360395091058855455859211729157785275127757206644802739 748367
4559746388676 656531383418448770755119126329677668098330365662088434949188390121366512405644992424858965534359800 841095232488117616370632528024576515475850956328280420159 619423695768
613828610315487868560613219886423867175777 22595243862632453675256766316237577226882017121004846265089 670698463841502760002119553562115704 1407901989975
5398521847213125048967087667825 448727519470704392987768791843372841181436908936964377306263819447345260605 282234271413509517019418302574108 9975835
519351631323750546 689881223239192346490982210558916744401406508465497895191274065548163297792441911940012610 76499387702000718457661992729502579156366706756645014581006141439570980221691497 1
130157793433407972050615 7514462889436292993851454 4943217245720369165986368075395575846528177935727 3
59702818312886247216167374324455142001 5260900409309737551378795067316173126390634317 5310964361681449453981144604 1
4171189040461211039820910710392132626044151563568969355071328784590701 62203680354560705306651048552827439920170668421034668793112047093437909330505092 76731920162072775 837539115792
529854872160309036618819080574 317109381304333240540836170108162461848761995106206714237067832525352580772356519061 4253896293069949345900696152055743205168560260774 514
23692831749682 187195266210809615783446679978224662040042085310408976059289827743 26100794087990310907535791913818621285491617734624416923716063935056915110279822915251 59
877417373859095 8866174032175006383203855761672407376514826596260264603880833464364087396421837117 96663061537151048794892898144579269784350 8190349
525551243527403553436 500610599269879485287079806901881827341148145370924524857304734229991 799998135432194035908384974060236195199143796 119028
24947458297127894032320590688872027979799076817176083630504912501545289 45458238127941339239032174873812098195978177978091057080641832999529359269986831 579799753088873055614130035585031950429908929125750237 6
282156066218092702249184180818 21545145457736270387249603410533458979549636596517559776616823578751525 24272819750586 9101916
357263153340683049615384140215110890248849571491339578706291830248772437910136646481273713737 425818571047203701223879909480868381486307512096132910093001814335332824068914629214406843783711798 7211559097 86528954663
807143825939563897260953274382904 86398941609161350064004345472313645740670412622231771963835143624720 4900958319307301054221874771390168292479420520504308235163861 870
4532981695677843719797540977480204676741207288475324528212118383860917334 145262338058747479516096997213591240075938625408472785956129781532751417674520 71588811551841097670450089825381014029028570809804018567659835982541 854
919048888 6293923984834337273870550840280729585964106781208048070 99341309400 30801592
51096530649285731281716861930878067555583185569917565500210845954 3913409256624069581209012292918905701754935120903795591483869105023277260 525674609336310444836114138065878200892133577814856314915640303174013135094840993447296709237 9135
3577602883577732666118472046576834720434816630607633200322637018954369914892 272564936209200504496434228907163924022667396325590775790333792182914794141938505956122902991 58792416569515725017353845 3
454744602007676362539480608 626873051449926292632728747533270872128180143754 172437431092919382852295917214047405615701614429562440 1196
193550213976683874840572727310019868249742238896282558018044155172723400220339853 533476520315190691081927465694427348143428909146684840255948426997053631319043395290513404136 5102159064688310945837294952495146512268828637651951671021631101550372044380375711342198081 19068605625
575485 1343478334846948625705409884543807864654161087860964553412028348810 29641091813446088231380223943320588568 7245853
6822 21187341034374350674631057676235523402281296 33826625932399742649993398090718914625355745841617264096562988994986082928663242 87
9941478830811195229733059582244186930634331670735179 15102951345724495803829536753996666630130437546960526448963081397393839240815 5013531427169254097648244631022183230678424271137179452054596976228497 507942077870
2017848508372182100351963984773546 8311790267251884299078733023263028978741238305216314 562318847835751268857124119176532178474578077589828099538 62
8658691593786973833766383996769271148706590405948287340580894 995195496035000443822697272509588578836738552988930058737510985428654878382368341515523 55069470694369143100956063128482777401717726841089460724368078965442638908562599172344895521 661
5923920121347874688861329870881525911912841517046980902096460795474163606310585530608175 4278243213406640812218678255355706371836781343115859230103444090400013556474739968079755647047 61401266993540 665
18920031394982523414315021879459 55495532603362677907107605702214268799375542700997333637950331833074 4885499915798884948149521937965623409102956689145993273153599548140669 42114472531726747
339235668135727464635933 6162564771877166789924863740983327033 4405143162002697825622323511444 65
