10
3 1 4 1 5 9 2 6 5 4
3
1 2 3
3
3 2 1
10
10 9 8 7 6 5 4 3 2 1
760
10151 20048 22015 7515 4043 25775 32128 18602 25435 12502 7663 1659 20238 32176 1961 21899 18691 22268 23365 4741 8536 9144 12689 18002 140 31563 18257 3366 28565 8565 10422 25159 17856 21751 6304 23707 6221 23809 12179 10233 1990 352 28283 18220 1827 22884 16672 27334 30879 7570 11367 26795 15448 26639 9294 8281 3241 4039 17829 22520 17480 2656 28557 24101 27166 226 30898 31870 7913 803 31816 1773 18580 1523 31430 5045 5969 6156 19045 10302 16508 31160 4951 26273 2864 832 21448 2034 2725 1560 10133 12111 8784 5324 20431 25004 12216 23976 13806 11869 30234 1066 26325 21600 10172 9513 16778 28784 10513 29122 21937 32715 27026 3334 11725 17341 28247 6244 310 20981 27255 6871 2522 23940 293 11984 31155 1204 3463 8931 19468 12174 3157 31025 28275 19241 822 29080 32125 28084 475 2715 4412 12099 6360 9491 21889 17242 25157 13971 27090 7994 30744 13980 17706 14573 29760 12934 6515 11027 22146 13353 29380 18795 27668 26446 3674 29216 5371 10712 9560 10201 805 29362 10047 16511 20294 15224 8235 13517 32627 22756 18131 23705 23423 28159 28222 9188 11033 26115 22342 1187 14754 8466 7630 20811 15311 16282 15810 7198 29443 14467 27603 18232 10857 9757 15856 2392 27093 30156 24451 29551 31320 26225 19824 17130 6309 407 21966 3264 28967 31586 22371 3386 16862 9528 31970 10374 15869 24364 28644 26617 3909 13359 16294 39 4383 3317 30600 11173 8572 9640 8513 26265 9069 12879 12003 22278 3969 24061 2194 28121 11746 4281 14852 3250 22062 10289 31672 15476 20758 3869 5110 16523 14265 24436 19337 4864 27838 31570 29247 5438 2868 18596 12061 417 26409 31641 6242 27076 31756 7112 20290 19847 25795 12321 7007 5859 14731 15765 16903 1645 28563 1157 5424 23723 5720 10476 30260 19482 3775 12619 18509 32763 6132 2136 3790 17377 19972 28005 13095 6140 30269 32658 11926 15907 13633 20402 5038 2979 2796 9470 13193 3018 12268 24700 23244 16177 12569 11053 25183 973 25752 23289 4073 29109 5300 14939 526 14513 31863 7884 9320 19078 29196 31216 26438 24068 23252 20867 14119 5835 17738 18946 28661 24033 17559 12313 18433 14070 27124 11472 28354 7793 30660 4212 23373 15426 10861 24646 1684 30567 13050 4838 3422 13883 16242 10109 30218 22401 11510 941 5635 12340 16284 17466 21250 6668 31758 27765 15367 24272 32483 8300 13845 3167 28089 21971 14512 32124 24086 10160 22039 9052 19972 14538 2882 23537 2662 20687 5018 24821 7964 8264 15482 7093 11483 22333 29802 27042 16585 31400 4630 7577 2523 9370 3856 18926 2031 6959 12874 7994 4264 27187 26193 27625 17933 27537 14154 2178 23265 27263 13486 15541 16576 19819 12997 26918 7166 29348 10211 508 6463 11209 8549 9768 214 1010 3178 24437 9182 15520 20050 22356 32539 11621 26872 3173 12174 29266 9903 21701 5338 5413 2557 14618 15705 7471 32026 29791 30717 12807 32039 9328 10217 15601 15662 30549 13771 13580 31965 24910 15104 573 3842 10147 16997 8926 19397 19496 15102 39 27305 9618 30793 7512 65 12413 23648 3500 7090 25913 2001 23806 16364 7768 11070 22327 13479 23544 22195 23167 27424 28625 25290 8223 29328 24061 20352 10296 14449 32394 13526 13350 4208 11202 8487 31665 16432 2357 332 2298 2757 12171 28274 26400 30699 18699 32182 4021 21258 27370 28037 17124 7658 14164 19638 13918 29494 5180 30564 18185 5298 740 1421 6504 8508 25643 1900 21704 11908 13722 11158 25904 17035 4908 10966 28678 26844 2529 5578 26497 24461 1793 24634 26834 6132 28721 17979 20754 1834 12343 26376 13546 577 17549 12699 9988 8773 6055 32527 31029 27635 13316 30389 25703 14139 7159 6136 17223 4727 21042 1521 19380 7529 24343 28873 29410 6135 24254 14546 26706 8357 25542 10085 21362 24278 15068 22905 16403 5314 23309 14344 25999 21814 3787 6690 13494 22799 8641 27853 22653 12404 8023 31908 5477 19415 28163 15659 13228 6313 21333 10739 24631 11744 11457 7537 12346 17449 26923 14751 13229 30189 3893 15952 17007 774 23624 26964 28726 5182 18531 15440 21310 14988 31398 17498 2477 9741 31389 16215 10696 20675 10830 15124 2264 6417 21761 2599 1242 2034 24274 10884 15593 16125 24823 31198 25708 18969 16082 21443 7423 20735 32694 30070 802 25716 31097 17291 22948 25412 6078 19781 32717 13054 19455 10671 7758 18545 29277 2685 14058 15337 14119 8352 736 25897 18732 11947 19487 15144 25793 25832 11561 29580 913 25401 25539 7655 15655 31920 8802 14004 9276 6382 3156 28176 11458 20284 18609 7736 26284 5995 22529 11718 6532 11371 6314 22955 3242 
918
9760 8939 2157 17466 32459 23580 23499 11409 7351 4764 29448 3649 27902 20373 19185 12361 20981 27826 19693 8498 7193 30878 24521 1513 9656 26433 14655 31327 32095 2489 15435 24543 19207 2586 28718 13618 23550 26342 23615 21620 406 10827 21621 12980 11921 22815 692 32079 32583 21916 14554 12554 6301 12763 22409 1776 2470 11793 21938 21233 7190 24205 13542 12343 16235 13677 28253 5959 31450 27683 9410 14813 4602 2220 9924 16516 18482 31370 3677 17911 28388 2950 2272 11322 10838 8231 5061 10104 6500 1008 14901 6811 19432 15709 8020 8622 13285 9628 24912 26098 32118 16396 8494 6081 31097 3446 15183 10791 1786 22286 31941 11322 10081 11559 24920 23613 10588 5561 9814 20600 5770 9877 15902 20949 20460 1890 28779 17466 1292 5983 13153 14506 29163 13015 2393 1307 4012 21603 28525 32277 9217 3554 10434 11791 23385 5433 29336 9865 22982 24779 27923 18152 28336 4023 17606 5398 22332 6613 26885 982 15226 878 23271 17128 21073 4285 24861 29920 22570 13609 11382 26310 17503 14912 14638 9582 26978 23155 30970 3222 27565 19348 4564 11201 15213 29968 15750 7382 31982 19948 5624 10359 3013 7808 23099 21538 1215 8694 30801 13834 652 17282 26562 10931 31019 29535 8416 18512 23573 20365 15573 11228 31529 7243 2673 31738 16986 18518 9141 15758 18458 30944 20510 22039 22149 22863 16307 22483 23374 10938 27342 29585 27242 20260 8874 11348 16254 19574 7856 10412 27145 830 4737 15829 4177 5418 6338 4236 29967 14147 32427 26549 11226 27625 15439 3246 10324 24722 9641 21873 5142 27457 8298 13420 5980 25544 27268 27168 112 21695 15734 13435 30167 16448 23126 6134 7998 29799 19104 7790 28963 11149 25024 10180 1860 29759 19297 10291 14792 7424 12915 28788 22830 8131 19711 23443 15609 18727 22698 32399 4376 6000 21514 13748 3607 3401 172 11193 2056 29756 31202 13977 47 19181 27725 9778 9584 23322 14894 24734 28537 13139 6251 26709 16559 120 28772 10239 15066 759 4723 8218 12943 7106 1349 21072 28001 11539 32220 1685 5831 19167 19552 17924 6091 30491 18857 10103 15736 26034 4492 18920 23041 1089 5609 6283 19633 16792 22129 13479 7318 20721 18744 8504 4589 25838 16382 3142 31308 7764 22077 20995 914 10890 13298 5543 22927 19919 12587 3084 29298 21822 9813 21513 13814 11395 30019 30862 27468 4955 5886 30852 6599 11981 14927 28770 18505 29226 16141 16783 18289 7109 6695 21371 29314 16755 28272 19067 4882 10433 26157 20584 21367 26360 6496 19191 27633 1234 3283 7127 30359 8697 5603 18061 5635 21571 12050 6159 23229 16047 2378 11298 4968 7199 26098 27763 29614 14803 1458 25976 15853 7593 14343 3332 23454 21527 22406 22189 4233 8676 16111 12766 13483 5545 761 19898 8418 13579 31959 16055 14942 16821 29070 25079 18632 21016 25078 6757 815 14818 20369 17300 32695 32319 527 30296 29184 20946 6557 31520 25687 21618 31217 1562 22431 4773 23063 6404 30206 221 1272 9939 17479 28276 5807 21767 32298 11369 17036 30409 2333 25560 28132 7626 10761 22587 11167 23770 27061 4451 25727 6218 21491 10548 14384 3 32141 14627 25365 3939 31981 9073 13517 11995 16782 13348 25479 21321 30246 21962 18442 14102 22928 21997 20099 2319 14971 30037 10253 11524 469 16384 2307 27171 30709 26850 5 8978 12427 9565 12747 29646 18759 17534 1452 20806 26444 32253 3821 1718 8019 13555 16074 11461 13471 10841 11078 30301 23205 23365 30387 28494 25975 1763 9217 2210 5364 6196 25542 3774 26289 28553 9745 25917 6822 18366 31983 9356 22169 13111 7097 30021 5194 27804 32548 17740 18019 30548 2566 12972 24606 19394 8937 18479 11188 2882 7761 26559 7049 30690 461 32383 537 11232 27584 24233 23712 19688 11244 23334 7308 14090 22723 239 7075 23421 28014 2598 9972 20246 15513 26355 19583 17542 17413 30751 22435 28246 11467 22387 10316 1188 1137 18895 20697 27291 31406 14089 9934 12211 12285 17291 12862 26798 24804 26539 10230 7246 31233 8393 23145 16342 24793 6186 19808 32583 32096 23447 22622 19799 20552 949 980 30513 8714 25635 3337 14320 5813 8534 15559 2009 12921 18484 31942 9050 6899 17265 22490 1478 8502 19117 20699 21454 24733 10058 15448 29119 32339 27407 2299 16766 21919 29822 8890 17475 7408 23797 23747 7192 20396 11399 3620 10512 26809 28568 19774 15944 14791 2618 30184 10911 27492 25930 26210 4405 29117 20810 7936 19876 565 15101 12434 24577 21928 3525 9622 7313 17276 24508 21021 6987 364 17300 13949 8978 5139 23599 24764 3247 15419 3582 30903 22928 27875 27162 25365 31298 5650 12067 9968 176 20574 31708 573 14873 13627 3971 22783 27858 28676 13297 27439 13761 21451 11638 32106 16789 481 19570 24664 24006 27940 31923 736 7504 17931 28306 31502 3375 7026 13772 12735 13465 15398 31265 7442 23806 9520 5551 13710 24000 2274 15627 4627 26546 15011 3364 22146 3154 2938 6872 24876 31943 25435 24660 25339 15513 9013 9260 20066 17458 7095 13886 18694 20248 9446 7750 3113 20968 8800 6209 24539 21521 109 31363 7391 10582 30155 24983 24926 18177 5686 15834 25678 12520 441 7894 5024 14881 15543 22623 26924 5508 31928 23920 8797 29157 30197 27843 18076 7694 30114 27442 10365 28799 21757 2000 19884 28389 4379 1478 27029 29019 4973 18415 22230 15714 30485 31283 15206 21665 22251 29860 17282 29534 28749 13402 8027 31416 9898 1551 12161 17066 13262 15993 3085 4032 4331 7275 21137 10390 25707 12458 26305 18198 119 26512 4574 24941 15943 4195 11494 1746 16936 32371 16765 19446 
775
8181 19865 841 14943 9890 5617 15603 15804 7695 13091 19085 3019 17832 17059 5011 30010 31864 16363 26285 26420 23164 22594 7719 23389 26296 1898 23238 5954 13108 2437 21140 24888 26287 24912 16492 9973 13571 1569 16452 29163 29271 30111 9277 17768 11526 9539 3692 17007 31314 3986 23398 11604 25033 22807 10637 12569 4979 18722 2333 31883 21697 4675 8438 5404 20533 9861 21543 31615 13264 4971 13374 32262 19008 8620 19538 21691 31430 13485 4301 25408 23529 9666 32762 15463 17628 5925 16210 17296 2480 31410 16774 1990 20026 18536 16716 13464 7106 8352 7402 13497 9584 22027 24195 25175 26487 7021 32036 24891 3326 20763 8846 32421 18643 11829 449 13029 3278 16804 2637 8377 19463 1746 1112 11882 13239 2604 24942 5285 1775 22873 19979 32538 2299 15159 20458 6870 8851 27546 32012 11873 11719 22211 6023 6039 5288 4258 6675 19271 11959 972 342 12941 2319 5178 24043 496 1361 12743 31540 26170 31571 5736 9956 8987 18824 11305 25931 32636 45 22251 7776 7076 4921 7647 3984 3341 16130 28865 3657 23556 2991 1237 26437 16131 7009 1442 26263 12238 12064 5489 21622 13904 3719 22916 29389 1331 15920 3607 18302 17473 12509 24088 16250 9341 24427 31397 30338 6656 29559 11849 12218 22421 28877 26614 19186 26644 2453 31170 17076 383 2364 1890 32525 28126 547 24679 2332 9690 10762 16954 27484 31004 4411 15832 19121 24675 8310 15694 1075 21863 2464 25844 23486 19569 5930 19561 1846 11191 1602 19282 8859 23673 22460 21970 22736 20956 17343 9415 19754 8585 15408 9674 4539 2565 10718 28389 13917 719 20594 12819 15485 12859 1300 27768 31661 25873 9182 19813 17127 25572 28673 4362 17058 16948 19129 19192 2967 835 27890 23646 11856 12471 4024 4608 18293 16117 12127 9718 1238 23351 21878 8490 28471 32627 5484 22671 1247 26604 10240 545 28895 18068 20842 7585 27427 20520 32331 11534 3386 32522 17237 30946 10213 10205 11194 23570 25953 15331 598 21443 17524 21782 411 20172 14394 26631 5696 30959 30893 14202 8361 32215 20469 26047 24853 32721 28789 16335 31370 15946 8081 7722 14464 10253 16705 30578 848 21817 4183 199 12122 9475 3984 30690 4857 31537 32604 29424 3880 22866 25709 21044 30449 20414 27394 12123 409 592 13040 26270 13197 15590 20597 5530 27146 21397 3516 11247 30096 19117 14640 27034 28420 624 3201 26387 13224 25233 30839 806 13243 16750 24953 21138 32751 781 6364 28003 16783 11224 7917 13839 2413 25368 31165 30291 8588 8499 11439 28107 19858 1446 7362 11860 9708 4288 28063 25122 31167 15652 9058 22432 25490 13564 5416 28426 31932 7933 31837 17868 23439 16159 11458 15257 18497 26394 16705 11596 21662 29343 18800 383 17008 19291 17383 25324 25769 12461 28994 17542 26454 16161 19445 2902 10820 29620 12499 31255 6768 9927 1116 14992 13872 15071 24777 8373 10274 31522 6361 893 9432 26001 7001 18306 30528 23814 886 30554 26581 32493 25026 1463 27271 6338 2568 5441 16235 31054 29136 25134 29218 6561 27569 10663 25611 22990 19289 10971 19752 19817 15965 7647 24529 21441 26049 15436 31515 30686 31815 14231 6149 21561 5496 14638 23912 30270 16755 18520 1693 32130 8569 12745 2283 29380 14644 19720 9143 4773 2250 15233 18283 2087 15270 32105 32546 21223 30721 30806 18712 21787 6962 19354 2516 17737 28347 3683 1554 32717 8719 21395 3954 29704 5412 3936 20451 10600 16317 15019 24526 6172 16757 20513 4866 20884 26250 32532 10338 13499 11631 12311 18512 10740 6416 14171 32216 8918 23523 20685 5789 22950 10163 16875 5508 3224 11819 15722 9250 12485 7717 25737 12006 22764 10672 563 6150 19432 24803 23511 11562 1781 28005 13320 19419 10147 31415 23252 24746 31126 22344 26596 11552 9219 6711 31320 105 13034 23014 6751 20159 30739 16195 6297 21399 32715 469 1838 10894 5467 6280 10411 2834 4941 11065 28832 4816 31582 4353 29178 19169 4674 26434 22305 21428 31514 3443 16336 25529 3766 4523 8376 1235 27274 23023 212 15483 29554 5691 12427 2740 18469 18258 22151 27570 24443 26181 28247 18505 20062 30917 5319 279 29074 7722 15867 112 30500 24895 12622 32526 947 23251 26349 26485 28514 28929 9009 1064 22169 16186 27584 25742 31358 29463 12900 9377 11574 10720 20902 860 17884 6876 14130 29666 22589 6742 22506 5486 11354 16756 18888 15870 12699 18103 8052 959 27091 21329 25001 28983 2039 24874 16968 20532 16030 28081 25913 14200 31288 3427 23301 18209 782 11292 10548 16346 17149 1568 31847 24772 10994 9705 24630 14370 29732 29358 6343 21190 14613 7096 31283 30271 8774 27748 22937 20928 8893 21750 29694 20943 55 13348 26347 689 9005 11615 
828
11672 27273 6111 7914 7307 32549 21109 10128 12561 25352 2064 15710 14757 14431 12556 1735 12761 31805 23870 29483 22856 12562 4800 16300 19773 13549 19837 28112 4388 16241 27515 2011 12724 17305 4588 20202 28378 12587 22259 11983 6244 20989 15414 5040 2418 16107 17959 32094 28317 10388 15378 27766 17124 28631 23783 1338 12123 18960 5317 1069 14738 27923 32586 24688 27846 32484 17053 14303 27082 17724 3896 24811 2483 20669 20598 15926 32582 8175 23008 12272 8995 30210 7479 16116 22190 24899 13633 23969 10689 11610 20820 23161 12050 15689 19876 24700 11109 2340 1100 8514 2931 15248 8989 1243 19606 11006 4650 31590 17465 10917 14096 19572 29186 28481 8454 26 18620 909 27048 15832 6662 2177 22146 15661 4285 15692 1887 9206 26155 2832 15696 28298 15852 4191 1659 15767 21668 26745 23209 9659 28002 10819 29837 23778 10707 23303 29653 24930 14631 20718 5106 30424 2499 16702 936 5312 27051 30291 10581 8918 16813 26975 24577 7984 22350 15329 31017 2584 16758 19687 3915 13227 31707 26115 30001 18226 17709 15374 19966 12355 13318 16287 6649 13720 11920 31049 17436 26026 12532 28056 31836 12565 3718 17610 27319 20139 6577 12878 1791 17749 24228 22526 8552 14254 23737 8475 26578 19806 27306 20748 29655 22070 12658 16854 11668 784 27140 3674 3896 20580 18863 9298 5454 32426 18764 31242 26570 13428 13101 25566 2005 9799 9157 17783 3672 24637 26903 6852 18250 3419 27871 5306 13754 22707 5507 17868 19612 17465 18872 6697 26707 4454 756 6073 21762 6030 6808 8661 28051 9218 15833 15561 8067 16357 13426 3338 24436 30671 26123 3638 23153 291 19047 15825 28670 22832 12369 13753 16615 14858 1860 29294 24262 294 6109 16644 26705 25528 22273 4324 7785 3277 16334 9542 15842 296 24642 25199 10771 25820 1198 12970 13341 32429 11736 16135 2812 5415 15859 30678 8271 380 2112 10465 3559 5151 12160 5485 18449 10017 32544 22511 10403 31310 11043 399 7881 13575 8911 13662 3981 10717 25111 15190 13096 14322 28107 18197 31498 26128 26242 28249 19627 4998 24131 2874 7440 23238 23798 1579 14620 448 16269 17326 18076 5116 24050 12762 18960 634 9135 12686 15674 25930 1887 22387 616 15082 3288 16563 16514 16738 15893 30587 29651 17697 18150 9009 16279 406 8022 117 19529 28558 28896 23769 16041 7504 8784 4705 5007 27770 13947 16057 27762 20889 27038 12857 6327 29067 14743 21145 26555 14486 17606 28020 3999 18244 11200 13950 13526 20740 25018 28036 24176 18562 6064 26664 25379 30145 11864 31578 6942 20990 23242 150 25230 17733 27116 29407 14573 8655 20127 24447 2317 31010 26283 9851 26088 9959 8811 18136 18468 11658 31543 12945 6249 16532 25750 26195 4707 6344 9248 16638 19606 28159 15413 22236 28901 12995 21856 15519 29152 28078 21128 1565 18640 19585 31708 29898 2180 19715 27772 4601 20698 6048 12008 12498 28428 26557 13353 5138 14016 7644 4545 13190 24526 22388 12884 23877 29903 10382 25875 11952 7785 21279 30700 8491 22365 6185 18547 9880 21837 32400 30606 4504 12878 11197 11235 17792 9010 10740 3843 27165 18066 14453 29011 7976 22686 342 16574 27527 22436 20763 15901 25674 25953 11291 7521 18272 28939 23954 31878 1565 30234 23685 23863 31596 23514 8793 3393 18899 16818 20274 10682 7468 17457 14348 10478 19485 1758 15004 5900 5468 3772 29412 29077 29860 14751 11929 19840 19318 24113 14900 13357 22928 24771 25562 25360 16686 18645 20461 23066 4867 9060 31598 25830 7670 15862 2073 2729 32413 1638 11838 4310 10874 7024 28769 31892 29432 23035 27793 16096 15396 29481 26505 30594 25387 22305 28040 31409 4247 151 9456 1413 29257 27936 11936 19745 6453 20023 12307 21660 30432 16142 25397 13748 13979 2838 18441 18481 28284 20813 21500 21531 25633 4171 15110 15003 24868 26378 11910 16817 21341 5752 11738 28315 13530 4030 17601 6913 30623 6990 21362 12513 28958 25775 15481 14653 373 30472 5204 10630 29290 30318 11985 7110 18983 8685 9765 23953 3509 27224 14284 426 12089 10705 4901 24692 9201 18455 30153 13087 24046 22418 12719 13710 9615 30496 30976 31498 3777 1181 3003 25001 1528 27700 8969 20604 12524 8297 13917 11387 7956 1762 30291 12337 1507 26104 6470 4647 1221 7938 21935 9746 11480 16732 9793 25788 18539 16953 13253 1715 7735 25901 181 7603 11359 8569 12955 22739 5929 4118 5415 24434 18298 11904 13075 28385 29971 583 8375 9934 6286 26967 21611 12403 279 8962 10400 11394 2538 24018 25533 5071 11151 22033 25019 30395 25816 20756 15231 18276 14231 332 2043 6798 13600 7946 4867 2896 22146 16917 9711 11646 7300 18414 15862 15066 13153 21213 19525 26361 5699 11716 23522 1527 28289 8351 14660 29146 10905 478 30638 23239 2284 4195 28751 28135 4668 25177 5915 32535 16358 29882 16743 8530 18910 10143 14919 23006 22639 13126 16552 23097 5552 25061 19244 27842 23237 6705 11720 40 29915 1709 32032 32147 15841 26035 19357 21908 1287 20036 7252 28621 759 30095 10135 
976
21974 16706 19799 19993 16633 12948 20800 14426 11367 30223 15506 970 8211 9246 448 32445 14038 32346 15819 18017 17710 13717 13149 14766 12217 1186 23461 12043 11631 11242 10485 22721 29090 6576 22301 1056 31159 19231 25989 8051 31394 12825 5900 12965 10787 11198 5028 14000 24514 21438 1962 30665 18827 16479 23814 28237 12426 29517 27143 14953 2309 2853 12795 11916 19068 448 5009 5262 19297 832 240 6557 7319 10715 7571 3308 8365 10858 24043 23834 23255 15792 1202 98 12720 21099 6673 13192 8626 21533 14449 15231 7025 4759 19233 5594 2458 5706 6828 17401 15023 27981 17144 7408 10880 15661 28447 21046 26472 9592 30477 4882 3917 16136 15070 31429 8277 17424 22516 13688 6505 11496 5083 2020 9834 19864 6366 9667 21558 16422 24678 762 2137 10144 26389 2947 14483 6120 1702 28188 7694 11842 4483 26033 24668 9887 3107 11658 29746 31143 8234 3125 10726 20360 9534 8497 10154 21377 23466 24927 19334 13357 13493 28201 12567 23696 17600 13167 22281 12771 15138 30774 8278 25119 31684 19983 11579 3915 13947 2889 18431 25478 6185 15318 24931 22996 29074 13566 22760 18344 28670 14277 3267 29493 17300 19997 28065 17013 20337 20172 4635 20214 16267 13339 1527 27239 8265 12612 20772 24550 21470 12953 29300 32263 361 13428 18967 13732 22990 7394 12251 22887 20050 1038 12581 18968 5368 5999 12974 7079 5791 945 29183 32505 8920 4452 8874 31859 1417 24679 9038 19271 23107 28179 1608 20865 14690 21031 27193 6352 6890 24182 24124 17429 2844 3410 19940 20909 3291 27319 12536 13951 17858 25655 31470 7620 20482 11177 1576 22937 19964 6289 30448 20550 7074 13390 21045 29260 14734 23814 17411 1328 19935 11090 20932 20234 22231 1704 29752 28364 27445 5260 21814 27987 9299 28278 11552 21295 3584 19074 31783 20275 14363 730 6980 14779 17908 10211 24817 192 5986 2346 21931 18589 26532 24845 13353 19870 32248 3881 12633 21070 19453 3463 18463 9853 5577 3205 1229 4883 32714 24966 3168 13976 7773 13401 23424 7807 25392 5994 31030 10549 1112 30379 6507 31982 14641 2368 27428 7978 26873 12781 3711 30985 10028 31296 28269 21588 6557 5246 31277 7495 9305 4174 31372 29984 30523 11815 32478 24936 22863 32123 7610 9220 19943 12704 1401 2042 28543 22915 6253 12036 7250 26123 4322 11223 20664 11086 26838 30000 19270 18550 375 32163 22180 8818 18017 31779 21804 23900 18580 12624 27208 173 3383 13700 23944 12835 3086 7068 4998 13165 6589 29830 14458 3740 14778 32655 30876 7498 5139 4970 25149 22152 2789 3071 19876 3977 11160 18681 26281 6927 30683 2318 13331 29593 16995 11789 14515 23625 7011 13737 2621 9367 2250 29447 31209 31416 1599 21769 10957 30924 2269 17752 12793 22730 686 27700 7248 31532 8681 25851 30249 11354 18411 12154 12457 21719 29687 27127 222 45 7598 8186 5276 26265 15181 14815 14616 25975 28584 22813 20294 4716 7146 11604 10738 21845 20746 3608 12704 13554 23820 25984 27173 16978 28668 14189 13826 20222 5291 20890 29571 23013 31016 28776 20380 24331 17149 25703 27262 30192 27439 1188 10748 27329 24051 31157 21921 15937 23088 11653 22669 14453 19641 27616 17684 31250 9031 32701 30229 14503 21303 22863 27162 4490 4105 2250 13364 8068 28052 6645 7828 16188 27146 7284 23273 11876 7088 25811 23677 29093 32346 21074 14351 11595 7335 9587 9582 23728 4354 13124 32474 5226 6740 365 23066 15156 16521 5880 5981 26013 17609 3555 465 16498 22899 12647 24069 13804 24025 13574 511 14746 6590 20567 21277 26381 13456 19345 17836 24389 25701 18649 14922 4318 4280 22091 21756 22266 25824 5322 10766 6893 3668 32648 23726 25771 8864 8276 2887 1522 26918 15527 9630 19511 1173 18285 2223 25938 14379 9107 31813 25321 17578 852 28252 2204 6427 28740 2102 20725 21318 18457 31039 21774 19436 14908 5026 767 10955 4628 5799 20238 15951 23053 17107 19350 4888 9066 5054 21427 1840 32464 15282 13491 21768 29070 15624 572 21047 29613 15683 317 24051 17083 28137 21909 15179 5464 10021 24198 21290 31613 4126 28120 6668 30607 28949 17869 5501 7208 2881 2504 15702 15008 4714 3516 13495 28253 9287 12373 5827 4319 22937 11241 21278 25226 19716 2589 22056 29746 13232 9815 30966 7529 25507 27367 29972 2952 25564 13556 22525 13694 25136 2856 12887 16475 10982 4891 32495 8347 32273 29057 32119 1075 24240 274 32001 20829 14214 3132 21050 17956 29114 30091 30055 1198 22831 31444 1057 6221 27297 32549 8912 16196 26500 1900 31209 1369 19357 21994 19175 31519 93 20565 22795 5632 27136 7376 8659 1292 10858 8587 8506 1669 13756 21306 7605 2598 5305 32311 14314 11319 28892 30326 14894 21842 17973 23084 25541 2802 22279 21311 11225 15553 15651 876 14390 6814 13571 1850 971 16240 32421 15266 28897 15533 28717 12923 17176 21161 5690 423 15654 24991 32260 22784 24143 24449 1338 2816 31652 24191 19357 29746 12539 28761 8796 27996 26034 29285 5422 13417 24867 3679 26930 30745 10981 31732 11654 29287 13000 20237 14761 15805 31887 24284 13713 20698 19307 4519 1931 19839 2364 6487 17367 3549 25991 27839 31231 7358 26677 2478 31739 1141 29713 19379 31494 8327 29951 25523 5694 24086 13821 15404 14078 5905 6875 22086 22268 29725 14778 27550 3105 322 4166 24786 30251 24918 20659 21708 27141 19498 633 22735 30433 17270 29390 7491 8475 10884 12520 8000 28366 11423 4591 8924 8754 7739 30916 1589 15804 17633 23924 14653 11763 12769 20602 26184 13588 7093 30136 5975 29797 25143 13108 25634 12121 10627 3987 29927 9321 14250 31830 26101 6061 283 2006 22519 27452 4050 13056 14593 24905 12606 26321 4700 25594 5875 17808 26386 28423 22036 21455 28472 30487 29054 13599 15358 27355 23221 30870 4216 10726 5519 12546 31529 3411 27298 21738 31828 24085 21614 8776 17667 21788 4939 521 23252 301 5137 10048 11398 11902 5513 
158
25415 11284 14486 32499 31931 2781 26403 22544 31180 12941 15820 25764 11828 26681 25676 12898 31948 8884 169 23381 3218 18605 12577 22355 17019 13445 14546 26946 3070 6641 19245 9230 18013 10580 8729 17254 20145 3289 19174 21561 1725 6996 22008 26868 23151 23766 21808 21880 4661 15634 21785 11997 32262 1907 15575 2793 17707 2297 16592 15182 26321 29655 21527 167 14160 24782 17565 28977 26169 2631 28182 3913 22818 7475 12204 19369 26416 15267 4199 28514 16745 3366 15959 10649 5047 30950 21638 15617 10939 25985 5025 2332 10839 6824 31072 27441 8442 8314 25275 13068 938 14494 9419 10104 24275 19746 18560 22141 18385 28951 21768 11610 23359 20201 21754 5185 21501 8319 582 2517 1795 3350 17630 31332 20457 2269 28704 20196 14898 4689 27402 28591 29532 26967 12060 14078 20904 7195 18956 3879 31657 1450 20012 14486 31887 6737 23964 29581 20785 7605 15407 2459 14812 7855 5150 29405 23773 21741 
895
4856 1488 15434 30755 18898 3495 2536 14626 21523 14201 22291 2535 14175 3600 7637 4843 13904 3633 25433 18643 2101 10665 11264 25688 20620 28444 5445 27898 4673 25229 12625 16996 6821 21164 93 20638 8237 14051 9164 23285 4335 25119 9988 2474 19676 5727 31248 9821 18366 17661 31223 13111 20209 1983 8921 18650 28385 7837 18383 26378 13383 32336 27776 9240 17698 15263 7299 26386 3447 24425 23673 6316 31689 28529 4325 30445 2392 14316 30418 30617 2585 8652 2595 25954 120 8650 30136 9165 28880 3126 26950 17893 28838 22910 28915 25507 28073 10112 10932 23064 26730 911 30055 25184 7899 18759 30127 11079 25225 8721 3219 25016 5785 29045 7126 21482 4484 14883 13332 6984 24210 18367 2209 31012 6936 10607 17697 21020 27505 18726 8423 29768 17341 11183 19470 5161 92 9593 4698 11345 2601 4133 20428 11218 630 19664 4871 8039 13004 7968 2405 16741 15455 11536 4312 7263 17235 12156 2947 11420 4529 8044 20756 11322 28199 27680 23015 30238 8835 1503 32732 11171 28142 18816 28916 2302 24296 6325 12206 5235 20743 11035 15652 5177 2671 25602 18660 30510 13584 14588 655 7227 12195 29991 26932 9349 29282 25914 13418 15448 906 14418 13103 1748 14225 8570 15492 6229 14631 1532 3524 11172 5359 17514 13000 32223 17658 24683 21437 32040 30728 8007 1216 13840 4221 24880 29502 11202 5924 17238 3342 1775 7591 22185 32075 18301 19658 30572 6899 25839 6763 4478 9537 2450 25402 23911 27082 21613 25656 25125 12377 19942 20465 18357 2188 31540 31608 18016 21803 15496 24359 16074 12619 25083 26388 18108 2855 9014 20306 13996 4281 26083 2028 1042 18972 32471 23714 29802 32161 23036 23649 29959 14771 13568 15492 9118 8299 22719 13261 21390 20722 32113 2337 7152 2714 17811 20999 14947 26043 31638 7391 22164 15951 32330 738 29328 11341 2057 24029 5065 9670 15523 7597 28905 9920 10765 31097 12378 31446 10184 30898 914 1164 16659 4044 11039 7795 5584 19641 12150 29184 24118 20266 23163 24621 32060 2180 15824 22477 19905 32676 20958 13744 5755 5203 31140 2682 20646 32392 30530 25156 11624 1376 7492 27120 1542 10718 18607 3660 8905 16738 28622 28910 1198 15339 20921 20169 7632 4620 4778 13459 9366 5807 20735 7383 28060 10381 32526 21465 30819 32617 3501 15661 6839 4367 13180 22294 30436 18960 23801 6047 10392 5690 4417 32635 21654 29914 22439 32414 1824 5297 27126 1688 3361 13239 16262 26292 13342 16017 15617 19924 7387 27604 5363 3594 3277 20215 9491 32247 27203 7962 23635 5092 20306 11641 30121 5794 24453 18350 5019 33 19521 426 2189 28115 13306 9074 22474 15038 18456 13977 15188 8035 26023 28545 14956 29523 3265 28240 7392 27786 25275 5044 18199 30866 11026 25943 19165 2904 25364 15905 14575 32717 27726 17969 32582 26172 29113 28313 24612 23662 29603 27867 19935 19327 9823 29223 14192 10110 4012 6738 4539 3272 3814 20118 10652 22305 15342 6156 2741 3735 18650 7658 1786 17943 21085 19324 11001 18380 19189 23012 10986 11067 27863 14737 5243 12576 24218 6016 20824 262 30373 31285 18044 9384 18778 12920 7226 23818 28159 7120 31498 11607 9841 26817 18708 14201 21895 30404 13438 18042 28743 26122 5750 8862 21963 28913 31486 2876 14833 16195 22907 29280 3782 12593 18939 22051 6320 24082 17225 21445 6493 17115 11699 20623 15727 23645 22166 21611 14564 10562 4270 29247 15943 20421 3359 23054 15512 25396 14658 28878 4092 1319 11568 2567 4388 24190 30481 7984 12159 11292 20258 8393 543 23397 135 15671 31596 29304 4822 14692 11147 16428 95 14099 15756 4044 1341 1283 6998 23699 21278 21707 25682 16614 13778 29296 8922 7507 29844 22983 27744 13133 31771 17806 22622 12197 7520 5192 31233 24776 27950 7900 18581 5307 4203 23788 8879 23255 296 29430 22556 9540 6250 1581 26253 1590 26806 29205 21758 1258 13662 15329 23019 18015 4750 24460 14386 1493 31254 21177 32454 6407 24821 22860 5914 31783 6569 1988 20039 8605 3897 3935 17667 384 9470 12268 29250 9425 18229 27502 9385 10362 30790 22389 11959 29705 26322 10300 10675 8235 22655 20867 31571 18667 30083 22827 2609 18344 16625 14227 19694 4312 18886 25013 8227 12671 24755 22783 3852 10349 24232 23794 31475 5946 18469 6780 19806 1794 22848 29974 8440 15585 18037 17821 3392 23085 15920 10993 243 17526 30492 18512 22330 4415 22313 3440 5011 29049 32607 25694 28801 22723 18534 24857 11507 23652 31697 20205 17526 1540 22062 14225 32281 5677 7630 16384 32292 29317 23125 30488 18040 15305 30976 29171 20932 18313 27065 21001 13677 31142 220 4354 30266 14731 10695 11868 31683 32558 13860 6849 20119 13253 22006 32037 3376 25161 1124 11683 17303 29612 30024 533 4567 29401 20343 18549 19747 5231 16334 2807 1990 32317 12545 31202 11215 2685 13347 5938 5240 721 26101 32751 21082 3839 23790 28491 1619 21355 27662 22398 32563 31576 18019 11362 1577 10974 20312 15310 1520 5290 9153 12210 30905 12152 10150 5623 18647 18257 9427 2580 4141 26245 17948 23664 25175 21096 31600 21371 3483 6092 4773 25226 32398 25410 4349 29302 12934 8463 6523 6132 25795 8432 27624 21427 25180 14734 18596 14392 12523 10175 17709 4473 29688 9603 23921 27195 15654 29881 19924 2859 13087 22948 511 20415 15169 16674 9326 27850 4613 3750 6840 1250 32307 19962 31389 9842 2760 17591 17362 3997 29603 8063 27275 21465 
530
14081 32460 16200 19806 10410 31856 5077 29433 16171 4086 31763 23267 26288 23567 20437 3008 10458 3048 1677 4826 27776 15927 29542 9237 29994 5383 10015 19606 24137 30276 5037 9266 3640 18694 19856 10648 23795 15261 1777 13631 27290 24161 8321 12045 24995 7990 27664 29388 8418 29153 31983 3917 2362 12558 8711 19546 27425 1053 26038 9053 20437 21936 12141 5841 6752 9974 25354 5228 15436 19380 6646 19977 31271 23320 20990 13655 31669 24893 11762 1604 9208 7549 9216 3111 27872 22906 13774 3504 17106 9451 3673 2960 7131 552 8592 15847 18097 20340 10671 31857 11629 30988 7772 32112 2058 16371 388 5977 15005 8571 7668 28990 23378 11155 5047 19966 7210 18900 20018 24110 5238 22346 16384 17606 9747 258 142 14988 31331 17752 10102 31809 21262 7165 412 28556 10877 4811 31755 10922 24595 27464 24717 19155 27689 1276 16396 17771 22480 8307 9899 8174 29766 18192 30116 15000 3636 25496 32480 6615 6317 22394 15960 23153 3047 6367 19758 15477 29623 9590 27274 28899 27086 22013 13877 5659 30646 24206 30968 3846 7306 1967 5810 8454 29304 27671 1596 1182 12280 18241 27389 21729 201 8371 11340 2460 29360 24587 9865 26690 29168 5582 20985 6044 4488 1264 31589 16941 6959 14627 27250 29542 8976 13792 4543 7054 6981 2614 9409 26223 8981 21845 12125 20673 3566 2009 2890 10328 24097 28120 20261 25357 12127 19882 4945 30828 19703 10107 10389 10786 28621 24977 7283 26404 24602 27998 10057 13728 30437 12613 24618 20389 15173 17196 21114 24209 5971 16326 20811 318 24817 19102 9338 2283 12862 738 27529 6380 19925 30965 21051 5393 2760 28850 29426 2776 1119 31873 712 338 2448 15644 9071 23509 2110 21023 30409 15207 28722 18257 20550 2789 18906 2741 8193 8695 31940 14159 29594 10932 472 16566 10450 13844 32088 19294 11752 11033 31897 15778 27573 31933 21375 21908 13705 21146 21945 20357 23236 4187 26562 26963 13876 26598 9107 20085 22322 25159 3368 14535 8315 2907 4793 21014 30927 11329 21685 8811 26956 16512 29054 5912 17799 4600 20711 28291 14703 10122 11119 5301 22754 29319 18746 15522 3340 26329 13523 16950 31620 27124 23972 8484 17189 17530 26161 3182 10924 689 6679 29363 7446 28581 18376 31547 4023 5916 31235 18371 11802 31294 19734 1801 26524 25345 23507 9240 15047 598 84 7761 23151 17685 25710 22077 2191 2985 7670 23316 17121 12411 21174 1292 7487 2335 8237 26723 26044 20033 17162 27947 28289 5710 14951 6105 6505 20194 25286 20107 348 24820 17612 10013 23916 27587 5055 2538 31153 17023 6081 13666 25061 6328 32714 28240 6590 2439 22375 26856 32527 25983 7220 13972 12701 29521 12058 17531 7362 3905 7497 14037 32452 21836 31988 11506 2547 16918 22991 14851 31620 30357 27978 7855 17456 2688 7818 3926 7820 6517 1580 4899 12071 30445 29113 18388 2661 13536 8935 5705 15390 26935 18069 9166 11510 24054 24452 3112 378 6182 8407 12385 20223 24963 29769 9811 16955 16618 10288 5367 5024 3457 309 2411 25980 2212 11216 4293 26578 10899 18822 8858 24054 3548 5602 10316 25066 9609 24373 11543 379 10762 20237 730 4379 26849 15990 26535 20605 25359 4595 30729 
603
26178 22842 31256 11655 3259 11955 19773 5339 20481 4783 2758 1217 6727 15976 9001 20377 670 10941 1048 25454 8155 18090 4936 15055 7750 6537 2561 32623 1031 19722 32102 14972 20561 23283 8066 11967 24907 23192 1302 14456 19651 10778 31781 20215 6034 28511 16187 1018 30669 11477 4481 7370 3504 26086 3970 8468 16203 3897 16571 31624 8938 18095 13797 2099 9285 3864 16385 11421 20588 3001 3112 21922 29809 30590 12303 30481 31443 21503 29532 26886 13229 3125 25004 16135 29603 1785 29025 29921 13703 25920 19244 3393 10959 26648 32350 32273 26296 14945 11758 1688 4150 6732 585 19280 18082 7829 27613 21382 9506 4992 612 17588 4311 11157 3312 30622 15818 26 32443 17199 5780 7509 29868 6417 29391 5758 32681 20494 18495 23942 18335 14377 17088 23179 21330 21627 28399 32534 229 22223 25496 20762 31529 14589 5603 10669 14246 4103 17469 9091 18794 29941 9224 29999 5268 8048 15873 13082 11934 3617 9589 13631 30574 22727 30243 7340 14108 2074 17648 13496 19585 3939 28493 11269 14468 17368 30057 24884 4644 28089 19222 16235 12101 20267 19323 26248 3642 15575 15231 6946 19478 9282 1776 14916 13234 7146 9335 11496 12670 22822 19516 5941 14345 10171 27993 16248 24910 16189 3584 26852 22724 4652 619 7690 23076 29386 9863 10006 20728 10685 1631 10191 25832 23145 8521 8524 32452 20747 13267 21367 4688 5782 13421 14915 14547 26190 28371 8877 26718 24869 27200 4980 21469 6872 1620 1431 16351 23753 31426 10387 22565 15003 9657 11865 20972 21648 21784 23313 26362 25506 30289 21649 30058 27490 22808 28060 20536 11668 28884 26842 3212 15240 16579 28571 22471 16694 24299 14412 8782 26145 14788 6325 11033 24552 3239 32760 14330 4780 12020 5194 1710 23334 10758 28782 17061 24195 16856 15606 2961 31750 23668 8505 22704 15452 29727 18451 17626 23230 70 29791 3914 17353 295 24885 23852 9757 6719 27108 2026 28855 26486 13742 1079 23311 30989 25414 11736 21233 8771 28682 1077 27676 1738 22272 9123 11676 4845 9106 1902 22759 19070 29706 24745 1722 6785 10188 3511 13745 6553 13653 32405 9897 25398 25591 4589 8917 31100 25937 14042 1955 23026 2704 24444 13388 12527 4457 4155 13629 22469 17618 6108 18729 2474 28035 15429 7147 31594 20016 26640 21277 16847 10115 9426 18552 13004 32731 28200 3570 11628 10951 10629 6033 29821 19521 20158 10001 2043 21418 3410 21817 10558 10889 31355 21757 30179 4867 5110 19540 17788 29210 9105 24279 13815 422 20345 17951 4815 9747 25408 5083 756 25568 7601 31155 10619 12499 3924 13024 9477 7420 21951 27528 6641 3952 16291 16859 13121 4803 9618 15598 17997 27970 913 21850 1322 245 8034 27540 27608 12120 18318 18442 21549 15571 30516 259 23685 28671 27284 25139 3367 26775 28763 12833 26742 27200 940 28985 20956 5881 31474 28336 30582 21856 22376 20252 10879 24234 357 24783 21118 12384 32104 23031 26415 24026 26088 23670 7475 32125 13784 23426 12662 11700 12284 16124 32612 28079 28398 24721 19915 17886 27119 16019 32398 31788 31343 149 3343 20476 11866 10696 1882 31204 29480 5400 28178 27436 26019 5894 10012 2308 21111 24900 28429 24457 13180 1042 30036 2166 13762 10587 3879 16810 5216 25998 11566 28510 21500 14910 32754 1570 11034 9848 30468 6300 8998 24808 1773 1280 15935 6059 25049 32334 11721 20977 3842 27983 26033 20314 3294 25933 6271 270 27143 10389 26653 30874 238 30893 22377 26766 16960 11862 18556 4823 14868 21824 5048 16605 15321 18319 916 8539 24834 1298 16679 10242 18030 16958 32117 19149 13465 27372 25469 14626 7813 5335 7934 26798 9062 7635 1037 
117
32528 29134 9048 1756 5409 13448 22327 21615 750 19218 5496 21265 25646 264 4583 31214 13928 17805 32159 31842 1822 15371 28436 16144 22711 7336 16092 707 27181 8327 25920 24836 19835 30147 9350 30335 30916 30508 3068 22294 15939 9151 8132 10178 22262 4583 12643 31278 27658 23158 13576 17938 19205 14178 8092 7248 12469 21055 6541 28623 22236 32384 4698 4123 12440 23406 223 12729 404 6628 23646 8267 15345 25039 6737 30313 20722 4969 15602 30521 24682 24624 16006 26068 29413 30633 25965 30297 10905 17366 19691 13517 5899 29048 11956 32185 6017 16389 14649 25729 30763 21864 32437 9094 13840 4475 18678 29179 5561 7492 24044 23432 30880 12787 243 30112 7511 
399
15584 3747 13945 31652 17101 12979 1105 28453 27045 8790 23884 15553 6766 5840 20767 7791 13657 28734 21175 15097 15243 10610 5349 818 18857 11666 1478 9974 12070 27503 5363 24038 11852 17062 12398 32736 12555 9849 9287 10561 32389 4715 18705 26330 15701 11421 11528 9651 20131 12779 9215 25218 19945 1990 27147 21737 16770 4047 17650 4723 18423 6457 20561 25933 19977 3035 24719 21188 6526 10520 10373 3458 13484 32367 3562 20360 1734 26081 22656 22506 9449 12294 10240 2126 10214 21486 23750 24099 4813 16568 24380 17312 5694 11508 29192 29827 15471 32698 31477 29318 18940 12167 28322 17825 24434 13019 19181 1027 10138 24211 19485 24014 7813 19974 18641 10389 15708 12514 24748 9878 5860 6853 27070 1463 12500 12443 18609 21058 9687 20410 8120 22880 23647 2750 55 14167 24111 6182 2866 3459 7335 3755 11383 7189 11726 2916 23691 15247 20001 7579 5462 29179 13086 5229 25998 8174 31375 2595 20195 320 17047 18771 23279 32136 13950 26550 4828 1114 7228 13000 17875 28992 11975 18978 18984 13177 20764 919 9542 13684 26128 29968 18012 16394 22740 16424 16324 21886 8777 31622 11064 16438 22281 22014 9395 20792 2609 20327 2088 2659 4336 9018 24038 12402 29393 16623 8646 176 4808 28184 20762 1659 23806 28218 27477 19579 1372 19566 20858 26016 8921 8892 12358 2525 13188 31538 24860 17062 21840 9928 28085 25386 16291 9716 8836 18512 18845 32523 23530 7283 2344 7774 31262 6878 22212 7184 10202 3846 16912 953 24518 2954 17175 31164 23717 5355 13408 23144 24642 15371 25012 11985 32024 25703 14253 4972 20164 12820 24579 27757 19755 23419 22166 993 9835 23252 17211 28042 19331 15203 9287 19582 7105 32373 5596 22142 23279 21529 16886 12567 24124 9119 17716 1147 7148 8146 5223 24605 2495 25332 11996 19726 30242 20094 10601 10778 18456 10900 24122 11681 20967 16714 19801 10551 8834 29081 31230 27387 442 30239 20636 22712 803 23450 25000 8381 23495 25379 32039 7292 26253 19498 31486 16613 871 16949 15353 14464 15679 27224 12185 845 25247 19571 27294 14428 32034 5166 6743 17707 21406 26037 24748 18114 25359 16948 25832 22672 31298 14353 9543 29956 25670 23276 21827 17387 19858 16216 21663 29324 20470 30294 2864 29061 20803 17558 13678 13411 8377 4460 28094 20228 32565 18835 32381 3245 32279 12709 18636 23787 24820 25686 19486 12842 28161 30836 6786 11799 22842 
719
17841 14261 13909 9928 4311 22337 7530 19818 29474 29639 28255 4235 14091 20096 24341 1137 16999 22514 16468 37 21292 15046 9591 27049 15620 14440 23255 2552 29588 13153 22264 9410 28041 884 4726 20452 11367 28538 29357 18089 29968 26877 13099 13507 1303 26007 31191 13575 20674 29193 478 32748 5601 23322 2401 1473 20305 2102 28127 28849 21839 25538 9060 19065 13950 27968 29295 16867 5558 20775 10404 19465 6290 8832 10294 7499 12984 4672 530 13837 23015 16488 1740 32561 28354 735 31306 12888 26206 15882 22067 2520 141 11057 18197 29819 5864 10385 20568 18685 20638 28481 17126 13636 18175 19141 29336 25949 26312 11892 22111 7739 6700 17546 32567 18478 1959 21260 4556 9508 29058 4703 12009 11939 548 20903 30372 22402 4383 1248 4683 11626 11510 6335 28941 5648 30128 10310 9064 9264 5150 28713 342 16456 23019 7140 1847 8474 22120 18585 5501 20447 27669 22955 32537 13387 13038 31515 4777 25669 13180 28069 2654 13155 18071 30873 3758 15911 9723 7547 14271 27899 31122 26970 14735 10990 28027 32752 9955 19500 7389 15487 30453 24639 23919 1126 14812 27656 14275 10117 10171 18299 6229 27223 30378 6942 1367 5576 9060 14655 25914 10459 6325 20216 8700 2045 24993 10468 13620 17958 21076 1950 26847 25525 21454 16381 22760 7944 15947 8978 377 13022 28275 27102 26116 7790 326 8403 7440 21315 25285 20241 19652 25822 7009 21853 25652 5642 2085 16609 7535 24573 27042 3494 5189 20275 30110 5330 32216 21002 22395 8865 19690 21790 19305 28708 20192 18786 16459 31932 3481 28675 11370 854 497 2045 220 1892 25363 14713 26546 13726 7810 23277 14564 5245 17639 27634 20989 16500 30616 25060 15495 12269 8940 8764 20276 15111 4417 18093 13777 25360 8906 1792 3051 5572 13849 25775 30270 26691 3440 29764 26338 1492 15559 24687 30772 20060 27805 746 2693 24732 32127 12045 4229 3117 22617 2608 13933 26429 30592 3524 20463 1031 29819 3888 14559 532 9877 26989 5278 30515 7715 9312 6218 27705 2197 13818 19367 27001 18751 14610 27852 20226 21221 13821 25229 29851 3592 22771 27052 19839 22515 12833 26815 3033 26244 23437 5855 32766 7355 8366 24853 12140 7172 967 14981 24454 7748 15623 17240 4109 25766 3938 29291 8542 18210 3885 11705 8814 12498 13948 32137 645 5364 25404 18007 8893 10430 6927 13699 826 28133 12522 19643 2086 23020 10353 14377 4724 9773 29453 23389 26704 5288 25299 16633 10600 13711 28436 22815 19165 31117 9924 12955 22280 7386 27787 6863 27885 14080 22701 20578 15232 31594 23706 13480 29850 30385 1108 10191 29625 21670 29061 31695 5242 31519 27740 10768 29912 1410 9771 14296 7970 27923 2498 30075 22462 27133 13705 1088 2719 22818 31583 20245 5255 12962 566 25075 25598 23853 25963 19471 11790 27145 28134 30918 12995 1506 16630 11077 19813 10837 8425 2299 19571 23611 7022 24256 19808 693 16812 3266 6157 8956 17950 17716 13833 3302 7221 2485 16778 17463 30123 4993 10283 12973 14760 4697 23907 28361 20888 28211 14537 9055 26567 30626 31754 25565 29633 13059 15526 31067 12396 10861 11629 29798 22497 29270 957 3980 16655 19717 29816 11943 15119 6332 1224 1770 16964 29857 10898 15277 27450 18544 30907 31736 7996 6883 21277 27857 1715 25308 26184 27718 15681 16216 24313 31033 11169 16916 7514 19438 9021 14589 24575 27477 6028 8792 8860 19224 4402 14262 11400 15973 14037 15253 2802 19320 1984 30166 29413 11247 9274 2787 18173 1485 16292 6556 15591 10571 6229 19462 24218 24419 4406 18098 25431 5402 18716 8943 7265 28560 19432 24495 29053 5320 14689 30010 10536 13624 32204 30612 30875 8720 30801 29615 6015 31819 11021 29521 21360 18550 20726 21443 24371 29507 30066 23359 22968 4813 27063 14615 18638 28840 13281 23717 936 10416 21460 20214 18707 26767 31192 31541 32117 7179 2797 4569 19589 4629 3827 29326 10956 26257 25723 18661 29407 15590 22122 18362 6745 5958 28500 12137 15003 22202 9874 2736 26947 12277 17193 20066 7277 8405 4186 18385 5804 12984 16392 1529 5830 5508 5838 10604 18227 24437 15837 18177 10580 32165 22166 18748 30836 8541 11243 31868 16511 13853 7541 12775 9348 11373 8277 9494 4332 9570 29133 4223 21880 19183 22426 7334 25340 24817 2583 5635 10461 23288 9234 5554 20044 726 13421 2269 17215 31722 19829 17130 
908
12074 11778 1635 13221 27633 24659 12457 20554 18830 27302 29784 18193 5512 28058 20089 23006 23219 19525 8811 19458 19700 14869 10382 27005 9683 19047 7092 17908 15813 24041 20808 28528 28215 2480 10300 4316 2138 21528 31412 16445 27825 25439 32372 29871 3932 31232 16394 24611 29986 23761 9403 10458 30016 32476 7982 16032 19443 3837 730 18377 18887 17216 8753 25069 11166 32247 9098 12899 26495 10398 14543 638 31268 24688 9707 25482 322 20677 16880 5764 11926 22322 24332 13213 24500 19807 17706 19821 26255 5286 11111 3063 20167 16241 23611 31585 11189 29776 28772 2672 15160 26333 19601 29893 26942 592 19924 5337 18 8673 20677 22970 4455 29409 32629 23683 25640 23703 4633 20892 29437 2523 28275 20919 18333 28788 20991 13957 16086 29234 29411 1852 350 29644 17300 12490 15703 1399 17735 1494 27812 31050 5406 17019 13294 853 8207 4035 9844 16251 10644 17125 31383 14611 4373 21567 31521 20546 533 18962 16729 6422 31518 4863 967 4195 22381 3141 1479 16990 18270 12216 29648 16123 25494 9600 14466 30726 18162 13719 5745 25859 23347 21760 4787 2247 17510 19144 31787 13523 5908 10430 7060 9843 17710 5105 22605 22939 28087 6382 24039 11644 31535 1974 3694 14057 15555 4993 19835 23661 26166 12854 28662 6184 8845 30629 23723 31598 9597 26762 10644 20509 26517 322 16864 29634 31019 27722 24775 18539 6152 9341 27917 22346 29651 32522 343 270 19774 22838 11569 22529 23538 26071 15067 32738 10043 22156 1495 12160 15731 23741 11827 12315 30256 15958 13462 30330 11053 31298 19213 12748 5113 14506 26259 27711 12385 746 23906 6498 28062 32599 7676 11835 29247 11444 19192 7976 15573 22893 18317 24438 352 21145 224 16066 29052 1714 13 16403 23371 6161 4343 18101 19233 6956 2512 13524 7155 31888 32615 22492 8829 19100 29237 16018 24373 24323 16421 21746 25330 9215 26407 25031 21084 29014 25715 16909 13330 15630 15517 32262 30110 7151 30813 5150 21274 19901 8732 5504 3486 20786 4158 28788 7281 15293 2098 1151 17643 20733 1595 23609 17707 5628 13819 10476 32126 23596 26564 23537 17546 34 3743 31179 21054 22548 4888 768 28026 3604 1743 3771 18557 25097 1216 29475 14354 3954 19021 6009 12666 21210 21776 19444 15128 19227 4451 17244 15327 12882 26028 2664 21884 10918 9833 6360 13634 6840 16127 22610 2009 21992 6978 15614 31654 3150 7619 19424 32249 15987 11997 11000 7930 12499 12414 5915 18513 6931 25270 23440 12950 3842 1281 10090 17791 21329 16469 23720 20163 11794 9706 13581 15313 23283 20172 22720 16946 10551 26657 17060 8894 32120 14394 3701 29570 13086 26716 3239 7277 6557 8013 14335 29373 2419 14493 26862 7980 19677 9402 25264 15065 22620 15793 5673 20216 3819 7365 13946 9017 3581 15537 31590 1785 15672 29885 11624 299 7668 6275 22416 4869 5746 18558 15137 31082 13532 16215 24812 6426 9729 10224 25706 411 23501 18476 21660 13030 8073 3205 18083 4562 3032 16459 30239 14145 10861 32445 3912 1549 12685 10441 32461 13232 7496 27555 25455 12213 8311 9224 32093 5602 10612 10831 14158 5922 30364 21300 9568 1333 30342 12644 5556 27926 28672 25544 3782 27696 11725 31889 22413 11327 10785 19720 25942 12807 30168 8723 19297 27320 22394 15750 2104 9244 24048 6191 19667 23430 25346 14496 6509 3963 14744 10938 19492 29 941 25598 32083 2651 27666 8339 17839 2522 16360 1303 18980 28066 9179 4390 10605 27529 24862 11947 10102 32352 1579 27113 12913 6879 22328 7752 7610 18257 19064 9184 11883 510 3095 18887 21951 8797 17906 10523 13608 8438 10010 7374 18478 29209 26375 27188 20494 24385 16540 26190 23822 2885 8414 9172 4513 3396 1396 30212 31552 20046 18142 21549 7426 5587 19061 27130 2049 28876 22567 24703 7533 24491 4078 11269 22125 30467 15125 27285 11705 24311 29994 8007 1784 23908 26818 22088 12250 22222 7151 32172 22261 29195 2178 32505 5217 19121 31745 25967 24594 24129 31591 7449 4600 8208 9886 5780 18392 24569 22461 23458 19688 28612 31233 24686 24365 13141 21645 7581 28309 1940 17633 16153 12756 11296 9500 29596 11519 7091 23026 10494 1513 32595 17515 16703 16961 10302 4961 3156 19304 15507 12471 4786 21523 704 18009 31899 31653 30639 5880 8747 19273 7088 9859 4129 26835 8740 28260 3439 6996 28655 6527 28032 32127 5275 1003 15179 31166 10828 31342 2332 27668 18536 30139 28957 1457 29954 19818 4775 20055 16651 7867 6219 24431 31543 25355 4766 13546 9649 29202 13256 12249 6782 27618 14283 9931 2737 18079 1428 8170 17492 31743 21700 4308 27409 4736 25659 16442 4004 32364 3433 9531 20993 5774 16467 24702 31300 6322 13415 11025 13404 31198 23041 22277 23159 32337 22713 15813 31277 21823 9843 14395 108 13386 804 31905 14374 11968 25956 32295 1980 17559 9145 10826 6440 25897 26269 8174 22765 25008 12117 15425 30656 2943 32625 6480 23283 31238 27937 23142 10150 13443 12350 25129 21676 15241 29716 20082 28478 11826 31217 21999 32354 1827 22639 25467 12569 11588 25472 2872 17227 21564 2366 13682 17779 26799 12144 6963 13066 1079 24028 28838 949 9507 16719 22828 9006 9714 21357 320 31730 12430 13113 31243 175 10568 31331 12998 24684 19863 6997 11220 20854 656 5116 16283 7950 3877 342 7462 26068 15901 24512 20604 10993 9175 1021 29885 14856 958 6406 27650 30170 4491 11924 14578 1979 2622 9326 22052 6584 24794 32370 10040 1925 31459 28005 24500 12841 14488 6268 31648 25192 17648 
607
9696 26100 26967 11936 10324 21330 24869 2230 16817 8334 26851 5466 32029 30878 1340 15718 26509 31639 15813 2353 16095 21905 18285 32595 30390 22619 23234 9273 12057 991 12777 26215 30923 10580 27226 912 872 5414 18015 12888 4420 27557 2636 7395 19715 9327 29052 30757 23800 20638 30479 17385 20542 6066 28261 32670 16792 5949 10073 24548 19466 4433 6718 20698 11572 5545 22426 20774 12657 4506 14245 29121 17843 29368 1407 1672 19228 18503 8757 21378 2141 3944 23410 17138 21711 5632 29189 28700 22867 8295 3094 4824 746 15829 3880 6104 787 30605 7630 29112 31208 18119 13613 28362 9719 32094 9781 8095 13793 3390 26270 6742 6069 23179 30116 9892 25098 1170 20611 7847 13022 20848 12978 4202 8242 10372 7647 27703 5729 18326 26029 19360 16452 7876 15152 7500 21768 32560 29732 16770 26570 2155 2545 25463 5367 160 3167 6999 10598 896 1049 9493 7986 13297 227 14323 3161 23670 20379 19153 24342 10845 5105 20789 1022 28586 16869 15646 20956 6086 13061 20872 22350 15079 21348 4543 26140 31807 8793 22884 30811 7908 765 26944 19270 32130 6242 29900 19415 20674 10643 31868 12585 28793 18768 207 24717 31633 15750 23064 30574 4792 25232 16649 5861 4554 1584 21508 19739 29695 30284 9506 14434 20180 16232 7423 16402 4026 22247 15948 32549 26753 11521 5650 15506 5763 25219 25799 3434 28816 7754 19474 31923 26525 15997 3422 21767 26155 24973 9504 26604 14969 750 20201 28402 30569 10130 15915 25231 30771 22058 6091 25275 29387 22300 30826 3402 17683 30787 4979 24076 26817 20585 14053 29861 14862 16004 16350 23598 32036 8372 19435 12424 20036 32504 13073 15748 26810 9652 5786 29621 28802 27619 4257 20239 10936 8476 20573 2888 20672 24390 12077 16875 27193 15386 2663 20028 22947 5725 28128 4815 1994 31451 23355 31975 23034 23842 14834 24975 24289 8196 15398 4218 24130 10698 17446 14492 14175 56 5825 31364 14884 10309 26188 17536 26387 17815 626 21615 16883 13760 14526 31588 9016 9019 12778 32512 13361 19493 22501 13452 500 30907 4262 12761 21257 23959 22963 12247 11225 26026 4208 31480 11732 8184 29480 3394 15717 19734 9949 11830 6807 18533 19920 13413 22660 18700 31438 17611 24449 14007 3393 11250 26123 3601 16882 11463 3184 4354 1183 24891 1853 16040 20033 2201 1131 20247 7193 24490 14152 11985 19328 24202 14119 13828 26220 30792 7367 6022 11457 14401 2692 17297 26206 22841 2880 14910 18914 12862 29711 2498 1090 5437 13476 29804 11532 31585 17023 31322 13176 6959 2772 17150 4147 17507 5946 8788 18411 7560 20760 13793 2715 8025 4048 21866 31636 27098 23976 21370 28239 20278 8061 18833 9204 12375 2854 27692 21929 1863 6313 8825 6044 15178 23072 24023 24783 6839 26217 27919 17318 5786 17041 18260 9010 7179 30206 2812 28987 10061 13662 11260 16655 27814 20563 3622 15117 13057 19931 1825 15600 15428 25473 1068 13021 22386 13125 20370 29995 30848 31820 12780 14068 29177 10824 27417 20831 11345 28581 16126 30635 30472 22137 4606 8188 20358 29736 20792 11494 14769 11226 8835 9146 1615 11166 6187 31635 8991 4187 25704 20767 20662 23675 18594 2861 23066 11605 15463 15355 10784 23390 2088 19261 23174 28944 20407 13549 6351 9366 18561 26838 31970 16444 6027 5854 11617 9625 4909 29718 28106 22393 25745 17539 29264 13965 17643 13738 5495 23762 21109 21981 19314 17345 14642 13384 28476 8507 11102 30138 17784 10035 26039 27188 20746 4633 15215 28468 21873 12810 26092 10942 8939 23224 5189 27439 2119 26139 30333 14273 1672 13781 16509 24029 8766 24422 24787 1828 28324 28436 26413 9276 11898 28055 22163 14427 9889 5256 24424 
884
32376 23944 15646 14820 18937 22576 13244 11515 6546 29372 26897 7884 11204 8566 5558 24275 7293 4324 18885 9257 11830 20145 16730 20041 2252 5468 1230 26272 2591 9890 20654 11990 1133 24748 381 18399 1644 31225 32558 15808 2345 4105 25696 1058 8099 29903 23895 12184 1062 26324 31422 30640 8041 8235 29727 19899 25959 26648 5662 5212 9213 4991 22649 17363 8008 8206 22463 1799 6076 22058 11987 7509 5637 7578 27680 3355 6302 28918 7833 29442 32562 7117 13944 31247 20405 12185 13746 18537 12610 23396 27708 27880 14515 4662 15360 6498 25346 11333 8350 13748 22883 28380 30435 6034 23325 9991 16394 27407 26924 17155 23733 6123 3992 5737 31657 12192 26771 13588 14412 12331 13653 4311 9440 10139 10424 17888 15485 1115 16275 16874 30928 7742 17110 12838 1942 17487 20330 25575 23510 23382 32710 1040 5857 22826 4945 26942 1290 10426 12154 21684 10790 17113 5785 22026 6594 1997 28804 15765 5927 9622 241 18837 14606 5886 26511 31265 3363 1893 17891 14291 30524 10057 26339 14643 18518 15768 17492 21220 18772 437 1507 7825 13686 2636 22021 9365 24730 23766 10384 29805 1334 27115 20246 22494 30225 587 30470 3301 12228 4266 28032 12899 1524 9279 17659 21381 26700 6155 14489 15861 31549 25322 26949 3778 117 23643 20626 8719 19232 526 1363 20863 15329 2610 11770 11612 143 20093 15537 7306 5040 23544 20794 3886 14262 13200 23687 12317 27131 1885 25113 16647 2430 175 29465 3424 11611 23261 16183 8210 26380 24270 22342 10212 27746 2884 32148 13992 25921 30188 8203 18215 22814 12582 22537 13773 30778 17044 3071 6164 15515 30308 3787 7858 7887 7006 22742 28290 23136 29613 14061 7219 32278 26221 2784 14003 17391 15864 31197 3161 27871 32496 9354 5845 7240 9228 17636 14808 28471 19107 19930 16514 19300 7162 26792 17808 8680 32590 27636 29250 8636 24736 10411 16397 5621 6211 10394 10501 27586 16166 15052 29448 7201 31714 27046 428 30052 5250 14019 23270 103 20758 14480 19071 32142 31478 30119 20535 13697 1239 6636 17590 6567 10127 24938 24886 28771 32680 21739 5618 2321 30630 13401 23373 13247 2840 10967 27075 30891 11873 10399 1168 19329 26436 32410 17186 13905 25137 6081 1343 14418 4177 27702 32246 21593 6739 2593 327 2839 13300 20555 146 15637 7249 13949 25024 12401 22252 16278 7475 13910 27008 29039 20078 11324 10885 28271 9092 21733 27777 3309 22338 17682 4629 2120 8732 24585 22211 10184 19928 8136 22656 30515 22524 9478 11773 27951 20216 19182 5557 7003 22036 15003 2487 17451 31768 14930 17457 29319 20669 13441 192 28451 25814 12923 1657 12189 8510 18161 18103 7000 8320 9264 7331 16923 30537 23068 31108 24680 6030 30704 2508 19869 14973 3507 7902 12237 32037 18809 27040 4443 7140 11359 20933 13404 30868 4932 30167 16298 22388 3912 8199 8648 32472 18949 15284 17785 9617 29072 6077 29727 23578 26670 391 468 23687 13270 1229 8010 27950 26987 23595 28003 16914 4021 24168 11919 2323 13860 29830 12777 3288 15173 25739 21521 6776 32512 32013 12743 5611 31896 28032 26700 26931 2143 22336 32633 14922 11580 25437 22940 5066 26078 26920 17686 27743 11709 29057 2997 14573 9685 8926 7122 30080 18722 25116 10026 20727 27866 13318 21373 26480 2157 11174 22760 14194 317 29006 10755 15837 30237 11876 442 25746 18059 27121 29420 12258 20909 8681 21957 22200 10510 11576 11996 12677 13077 12945 27660 11246 31049 16373 4882 9528 7750 20229 15851 27503 14206 16905 235 15705 1713 9660 5789 32542 20266 17373 27998 3508 17087 21110 29368 23820 17030 19434 14463 19710 28503 15298 20398 24821 17926 3124 29951 18010 17245 8311 27468 21954 19420 18377 8104 31446 21296 21820 29500 12038 32627 26692 18147 29421 17449 12802 9349 29314 12534 17230 8756 16388 28705 12167 23304 20900 12489 4122 6587 11759 30953 13523 4355 29442 6925 3302 15795 9324 19409 5308 20112 27617 4894 21631 11764 14500 5412 15204 2341 27058 28439 25531 29042 28335 9129 3000 29459 2962 21322 20223 15806 11023 15394 27889 15113 27591 15818 10169 11907 21554 23758 2069 15248 22856 483 4580 27912 9202 28905 13684 6799 16692 13215 2441 18354 10519 29736 6701 22726 18519 833 22587 14721 30929 1599 30121 20821 5291 2251 15000 24976 4161 28254 7965 10549 18131 32634 13773 27288 26095 3758 13067 11963 9119 28999 7441 25195 11091 18390 28863 10522 28045 21094 18214 379 15951 19578 18388 6112 28228 3273 29661 25171 19120 25784 5550 25206 12313 31643 24977 10523 7091 8620 4863 30626 26508 22215 4777 6934 7548 235 28997 23814 3274 3697 17177 9765 3742 10 10312 11937 9515 5754 3552 22595 24985 8214 29599 3659 15539 8702 17032 18185 20053 22811 42 827 3987 20183 27307 26410 5034 32159 18839 18819 25511 16666 32619 21494 26841 3622 10207 4496 4600 11927 20215 1753 7954 31918 3272 12205 16441 23131 4619 32475 29422 24627 29027 15231 19019 47 12654 22559 3572 6186 29581 8072 23484 12312 15220 21351 14358 24583 9072 6310 14658 6616 2427 19852 14643 21178 258 9619 14914 18538 5488 9992 27285 24107 10626 26213 29261 19847 32586 7022 30835 9924 13568 27662 2720 23845 17036 2287 21358 23270 17364 30683 19362 22773 7109 10197 21014 30320 15395 10998 22119 19426 7697 12809 612 30269 14176 9702 3633 21911 30871 
375
11070 31653 8134 6156 12780 1528 27659 29958 32249 24569 32225 16165 9647 10405 28716 11563 30673 14345 30213 22221 27712 125 2373 11861 29552 18336 30163 30713 20623 29463 19886 23288 27247 25860 4537 26746 16183 9288 6986 13349 26318 19577 4721 23167 20483 418 32008 4358 9340 25533 12927 7185 32613 15857 16484 18021 25300 28044 2997 13974 6142 15551 15078 15908 26140 11547 13488 32337 19483 28111 16287 32451 10502 31134 3674 4574 32564 6307 17585 8927 15921 16837 16745 18873 16237 6136 14535 16560 24998 32568 27613 6070 28439 1350 2198 16776 14942 6689 32387 22152 7726 21571 21604 10585 19385 15521 19062 2365 5082 24159 21888 20014 5894 5719 16027 2749 2033 24136 29636 32686 27903 4062 21795 11601 3185 23398 2840 7838 28492 28237 12555 18968 9992 1373 24816 9310 16894 26296 27549 16529 6799 32656 18891 6761 27923 8620 4590 26134 24712 7322 32437 472 28151 11956 21087 25949 21157 2517 8900 10974 30975 26585 23070 3576 1091 27350 30876 31819 27374 17691 25253 5076 19433 25837 18412 11019 27250 8188 28472 16060 31947 6823 29425 24997 14757 26356 14954 2517 20555 5965 15344 22463 14223 16635 21398 13089 32629 10852 15038 22935 4513 8452 27752 15102 3200 13101 570 16265 9529 18814 22099 21413 15442 23589 30160 21902 4386 16340 12314 16558 16379 18052 20214 12985 30483 12268 17226 9866 3639 9664 21168 186 27950 16298 4540 18949 27886 19209 14093 13150 8065 21100 4886 16332 10933 8397 14506 12299 8582 15502 8777 3042 2124 5684 24621 25925 28581 26341 6930 12587 21024 31394 30665 21037 8366 25157 10107 12516 10697 18746 12478 32255 18273 27389 15705 31270 32651 25687 30935 24466 1001 23640 19406 18793 15319 16659 32748 13530 17754 5148 6343 30717 6345 706 28001 19048 15161 17933 20092 15249 11178 1654 17827 13030 30451 16233 14581 21934 7789 24187 32688 28317 15714 6763 13185 13114 6452 15834 19086 753 2125 25034 17983 31735 23498 21464 720 482 14310 9273 29592 4612 1832 6006 22550 395 29772 30695 13760 345 5875 753 8844 932 16138 28159 11323 24397 2810 16193 26728 19713 13460 30247 31060 6674 16570 16284 4974 11539 32206 12803 20389 14389 31964 19698 22126 13668 29063 14513 12180 2081 9396 369 17091 
