1000
0 55 55
82 98 10
0 39 48
1 94 5
75 91 13
19 15 33
1 54 73
75 18 61
49 18 95
18 56 55
49 34 10
46 60 87
44 68 69
61 30 32
24 60 67
98 4 46
97 7 12
23 1 19
0 42 24
2 1 3
75 37 68
91 22 82
46 25 23
50 36 93
4 25 17
57 71 100
75 40 70
75 68 11
17 24 45
47 52 75
41 20 71
57 59 38
77 97 48
67 77 35
80 15 95
65 70 12
46 26 68
55 55 17
33 6 28
38 2 57
77 88 1
26 2 42
2 100 54
63 90 6
28 16 5
27 23 72
100 31 11
85 12 5
96 31 25
96 67 6
37 26 33
82 32 14
29 25 59
38 4 40
91 88 3
0 99 43
52 69 42
33 20 79
60 68 69
4 1 83
56 30 6
31 11 98
61 63 52
36 4 21
100 91 42
39 12 84
86 67 92
6 27 73
61 65 100
67 73 45
65 18 82
67 5 11
98 22 42
14 36 81
84 74 99
93 24 72
70 16 5
92 38 94
7 29 92
80 60 28
55 65 61
3 89 85
16 86 46
69 11 77
88 98 52
73 60 73
61 55 7
99 70 27
97 40 88
53 90 67
31 37 19
75 56 53
21 94 36
55 48 15
12 55 55
30 94 18
77 89 85
87 57 12
8 47 90
38 15 17
60 87 90
91 24 30
35 16 42
100 97 2
23 35 44
0 20 25
78 12 41
25 43 2
57 48 78
66 69 9
56 84 29
81 45 30
21 89 97
56 82 23
74 98 45
83 77 15
86 23 47
100 91 18
75 18 15
65 42 19
20 28 98
68 13 87
79 100 64
40 87 59
46 100 80
74 9 58
19 32 19
76 9 32
10 19 4
89 48 41
93 6 84
38 27 52
80 32 67
100 6 31
84 90 1
69 39 59
79 87 63
17 46 54
88 45 37
34 59 57
93 94 28
41 98 74
54 93 10
33 24 78
73 6 68
68 88 5
91 2 82
82 47 46
42 93 80
54 83 44
22 95 30
12 100 82
8 59 6
48 55 54
9 76 39
35 81 8
79 74 13
77 61 9
47 88 70
44 52 32
11 5 82
10 22 75
22 28 37
66 26 38
22 64 65
65 77 35
94 30 1
7 38 80
44 35 57
75 76 37
98 6 75
19 77 96
22 42 25
47 92 81
6 54 76
47 2 34
70 35 40
97 82 93
31 20 6
78 28 94
67 45 63
55 37 9
74 13 7
75 71 84
52 10 20
86 98 75
88 5 55
78 92 39
84 24 17
42 33 8
32 77 66
85 33 65
21 60 67
77 75 53
90 24 63
36 12 28
10 87 38
42 73 40
13 82 4
5 100 52
36 42 44
100 55 38
53 77 48
34 26 6
96 74 56
73 5 80
65 89 98
71 86 34
100 17 30
32 74 85
73 35 23
95 95 17
5 36 8
94 53 82
94 11 37
17 26 74
47 25 9
54 53 91
55 71 46
80 2 41
57 28 81
14 33 90
4 57 29
17 36 76
86 89 75
93 40 71
19 57 99
66 96 69
99 97 98
79 31 94
54 84 77
52 58 41
64 15 25
66 98 21
73 29 39
67 48 15
80 94 17
94 30 5
91 65 22
7 13 7
67 54 42
25 12 74
41 31 52
13 15 91
49 43 41
48 39 20
2 21 41
37 3 58
19 38 41
52 91 16
91 77 63
12 8 16
40 76 92
44 4 23
76 78 55
56 61 7
13 68 39
14 72 37
86 41 9
46 38 10
96 2 72
82 70 56
75 79 54
54 13 86
34 29 37
11 92 53
92 80 87
30 64 33
15 73 20
33 35 34
59 75 48
54 98 4
83 83 38
46 65 73
13 78 5
31 83 25
52 22 97
41 54 55
85 71 33
40 47 81
10 72 100
25 76 48
33 36 11
19 71 93
20 46 63
80 66 44
11 97 8
80 78 67
3 22 39
50 45 96
52 37 89
52 56 84
67 45 84
29 16 45
97 88 98
5 98 52
1 23 57
6 56 93
32 10 75
100 89 76
33 55 85
63 18 95
56 57 34
70 87 37
30 83 16
9 77 77
7 29 86
91 48 60
16 66 92
60 5 38
73 41 26
35 73 75
28 2 36
37 33 18
53 97 9
28 11 21
42 58 87
26 63 84
2 35 88
61 56 2
43 54 4
93 85 66
56 1 93
75 46 17
45 24 7
34 68 35
86 33 83
42 91 58
62 46 8
8 100 13
11 72 92
42 67 14
2 67 55
54 73 68
4 38 5
22 4 96
69 96 3
46 74 16
94 62 11
51 82 15
27 39 58
87 40 57
42 4 54
0 68 90
20 71 63
8 61 41
8 2 87
57 14 13
85 85 34
68 31 60
78 100 69
58 20 9
93 54 6
7 72 10
45 62 57
69 77 100
69 25 52
41 58 27
40 9 35
36 17 39
61 87 41
76 86 17
79 26 26
37 54 52
98 39 27
67 68 52
73 9 85
47 12 95
4 99 54
17 37 79
28 96 15
12 9 17
51 16 84
30 64 56
51 16 83
84 1 80
37 43 86
0 32 79
48 48 69
77 91 2
19 54 59
65 91 93
51 32 31
75 55 81
60 83 20
16 74 2
17 53 33
3 38 18
95 22 15
2 47 93
57 41 42
94 29 61
41 97 37
0 15 62
60 86 100
96 97 9
18 95 60
20 39 43
24 89 95
91 96 80
100 74 54
22 41 17
57 27 68
42 8 52
53 80 34
99 77 4
89 8 11
22 21 46
100 66 7
66 16 67
88 7 40
57 76 73
72 17 12
90 48 65
95 85 81
76 41 73
4 79 33
17 89 70
23 76 96
100 18 7
0 89 69
8 44 91
85 96 27
75 83 75
53 85 73
24 100 35
41 88 72
60 38 13
38 36 53
9 67 98
91 63 85
24 1 68
61 6 25
99 35 58
4 95 82
76 70 22
54 31 99
33 60 68
7 55 65
90 47 68
41 85 26
100 76 79
87 20 40
40 58 61
99 8 69
68 76 65
100 90 10
11 32 65
67 23 25
90 93 62
35 35 60
75 12 4
83 81 21
68 47 78
34 64 3
33 34 86
51 9 46
99 70 86
79 48 79
17 73 94
93 37 34
6 45 79
28 88 81
71 59 9
23 7 57
82 42 37
85 85 71
3 8 88
15 27 85
69 91 72
44 33 42
99 13 4
75 28 25
18 18 95
53 22 1
0 30 70
57 53 73
62 18 5
72 84 72
2 20 12
46 13 17
74 32 16
84 93 54
39 62 18
72 96 80
74 92 31
35 8 16
31 46 91
41 9 44
98 80 87
38 10 22
31 9 89
81 64 70
79 48 76
29 37 5
60 29 94
64 96 55
4 62 87
41 35 64
100 28 10
23 79 47
93 62 100
99 92 73
59 96 91
22 34 52
24 8 15
66 17 16
6 97 77
52 39 2
57 52 31
22 54 16
7 55 85
100 63 3
27 69 53
28 74 83
46 54 18
31 9 91
21 80 63
23 17 75
27 5 38
15 87 67
87 15 84
34 54 33
74 86 76
0 20 21
37 65 24
87 78 17
92 31 9
45 94 28
70 57 74
34 99 40
16 58 42
41 5 75
36 54 38
66 43 12
52 33 14
20 56 69
72 82 11
41 48 10
29 36 86
52 60 75
67 58 20
79 70 92
16 53 10
20 46 23
81 64 71
84 48 1
19 59 93
50 22 39
61 85 22
16 96 54
26 7 46
20 56 46
8 87 8
82 65 54
82 86 16
15 14 85
37 13 100
55 82 52
72 40 83
55 83 24
75 96 31
78 71 68
68 6 13
77 46 25
27 61 19
98 57 37
88 40 84
48 59 23
44 52 32
32 96 39
33 56 65
100 23 20
83 56 97
59 31 96
20 60 5
6 12 13
90 70 34
50 65 61
53 46 81
97 24 78
14 12 58
35 55 63
61 38 36
22 97 31
21 6 39
13 63 44
89 11 13
39 62 19
0 33 60
54 18 72
76 58 19
44 27 57
100 64 45
12 24 3
100 54 94
97 10 17
69 96 28
15 90 92
93 73 82
83 21 71
97 40 45
84 58 8
53 70 66
43 24 79
82 45 77
5 77 3
19 87 86
68 55 29
19 7 99
4 8 40
14 81 78
69 82 83
30 57 67
66 96 69
95 29 87
29 23 13
91 10 57
35 99 22
58 20 22
20 60 75
76 23 47
28 100 1
22 45 39
86 54 55
55 98 32
93 21 57
41 26 27
43 86 20
31 9 97
22 15 99
12 7 78
67 89 59
48 38 28
70 70 72
23 21 97
2 98 62
30 15 68
71 8 8
98 28 93
32 94 82
84 98 55
35 22 38
66 15 25
70 100 38
30 44 90
5 92 68
8 7 32
10 38 38
16 46 80
47 39 84
74 76 22
79 4 33
37 92 57
13 9 38
16 93 89
90 78 19
23 65 87
65 77 89
79 94 60
33 84 61
90 72 20
73 100 14
45 24 72
28 75 45
98 85 38
93 28 75
13 62 100
14 78 60
58 99 46
50 69 97
15 29 66
14 10 10
59 89 41
92 100 81
23 36 86
24 57 9
21 52 78
66 30 100
55 3 20
57 87 8
85 74 65
4 87 25
72 9 77
89 84 47
36 60 91
88 27 3
79 7 62
32 47 87
88 17 98
1 97 39
33 29 79
1 7 59
13 35 36
90 14 81
12 65 66
76 27 10
61 11 61
21 84 62
81 69 83
51 39 32
47 8 15
73 4 82
55 68 37
87 37 94
65 69 32
58 90 100
54 47 14
100 84 31
80 22 42
62 87 92
95 44 79
40 29 7
88 58 41
91 35 47
19 95 1
35 57 4
32 71 93
92 40 17
75 97 39
37 87 8
32 38 20
21 53 4
78 56 13
1 42 57
7 52 70
97 87 65
100 89 79
17 6 40
50 95 41
80 5 56
6 74 68
67 12 75
48 46 58
3 31 48
77 75 10
82 19 81
83 77 98
23 89 93
42 7 15
31 30 58
46 60 37
85 2 99
32 43 54
60 98 27
37 77 96
67 43 16
27 56 28
55 99 81
45 4 63
77 76 20
21 99 3
63 74 95
16 20 69
21 1 14
37 21 1
56 87 92
13 98 74
16 86 48
69 44 38
64 88 26
54 69 77
22 20 89
53 6 61
98 23 27
10 33 33
5 77 17
51 46 69
1 73 59
8 34 45
20 14 88
57 75 18
22 61 99
67 94 53
94 73 33
54 84 33
17 52 13
75 69 6
32 14 83
85 9 98
88 76 98
56 92 59
75 2 67
83 39 80
19 61 77
80 65 25
99 3 95
70 29 55
21 17 22
66 89 30
92 82 14
64 25 83
5 34 58
90 76 61
53 3 4
34 16 89
6 90 7
52 27 3
0 44 99
47 74 14
18 89 10
61 71 58
23 7 3
100 70 91
35 71 80
53 89 74
18 66 28
12 71 89
7 21 17
38 13 25
69 62 92
78 23 25
76 87 22
38 3 52
14 89 2
13 62 69
100 1 1
43 47 33
86 25 64
84 95 42
82 35 76
47 27 41
25 65 34
67 3 26
93 62 88
74 35 91
39 39 55
50 82 26
52 29 5
90 16 86
82 97 70
4 11 83
19 80 12
89 99 82
7 56 41
31 3 8
24 84 57
7 84 93
76 10 62
80 33 25
9 3 8
65 48 46
0 10 42
59 82 94
13 55 55
77 46 98
10 33 56
67 1 56
74 73 98
73 91 41
19 32 69
33 18 17
17 32 44
49 47 74
6 33 77
76 47 70
78 53 78
31 15 100
70 72 24
30 74 67
49 42 78
39 43 22
98 100 65
53 92 12
41 12 92
11 10 80
16 81 32
30 25 5
72 53 57
38 68 94
32 98 7
68 45 5
23 58 58
16 48 34
99 61 22
88 64 68
15 100 82
100 9 27
61 88 67
100 98 41
93 73 87
56 48 75
24 57 38
4 64 27
41 85 37
4 84 60
97 70 4
91 86 25
51 72 5
75 63 74
10 34 82
18 13 17
42 93 63
43 44 59
0 53 42
67 7 97
52 36 12
89 21 73
25 2 9
20 41 6
29 81 85
3 40 45
69 74 98
1 22 6
79 29 41
96 23 79
59 43 87
95 11 94
54 8 62
63 73 6
28 43 83
69 3 81
81 58 33
4 80 61
13 64 55
38 18 74
9 70 2
7 79 5
23 66 83
46 83 61
34 5 87
63 38 11
66 92 12
35 43 32
85 70 9
19 78 93
28 12 87
27 6 1
82 77 39
85 84 21
91 10 23
16 12 2
90 58 66
36 93 63
29 72 80
99 99 99
14 65 87
89 48 39
17 8 18
83 41 63
20 24 95
33 58 9
61 53 3
63 4 15
84 63 8
81 8 37
16 5 23
21 63 84
4 17 11
13 42 34
25 54 15
33 69 55
42 67 86
33 17 14
96 23 25
75 36 52
8 67 44
42 65 78
63 39 40
19 41 36
47 53 21
25 55 35
54 28 35
44 71 96
23 74 80
78 13 34
43 30 26
62 67 78
16 97 9
49 2 81
54 72 3
100 61 33
81 13 32
67 10 77
82 2 69
1 81 66
9 10 84
63 97 5
100 33 89
95 52 21
68 23 92
31 90 6
9 78 90
62 48 83
38 4 1
26 92 27
53 5 47
57 38 52
1 90 31
98 42 24
11 83 30
2 76 15
66 90 100
99 8 47
78 22 46
65 88 97
23 68 11
99 92 60
3 98 22
72 36 27
